23 30 36 14 16 
29 35 5 15 44 7 14 
20 24 5 46 8 49 28 
33 34 33 35 17 2 
46 4 0 30 36 35 8 9 3 
41 18 9 25 3 12 
18 46 31 26 1 34 
19 4 41 31 49 42 12 8 9 
31 19 37 30 29 
12 2 41 48 2 
32 15 4 3 0 40 23 37 15 
27 38 45 29 30 
39 40 42 24 46 
13 14 42 47 1 
44 1 7 45 13 4 5 42 26 
11 5 31 14 46 
23 31 26 35 10 13 15 37 14 
23 25 18 12 48 32 14 31 
19 14 19 39 26 18 
33 6 6 49 40 6 29 44 4 
22 25 13 32 37 34 25 
34 18 0 44 40 27 
40 9 24 29 25 48 
7 15 36 21 44 
26 42 27 8 44 17 1 3 
46 28 20 28 8 44 10 38 
24 46 33 7 49 13 32 48 
24 17 2 24 17 14 49 47 
9 4 47 18 32 0 23 24 11 
35 1 0 12 27 46 
39 35 24 38 28 40 48 16 
41 43 38 11 37 
17 39 15 45 28 10 35 35 
42 25 32 35 45 
3 43 45 38 24 
5 9 1 26 34 35 
47 17 2 2 46 3 
5 40 7 14 12 17 14 4 33 
46 25 42 32 21 31 
10 49 33 23 11 
39 42 34 24 25 26 
29 13 28 10 20 40 21 6 
34 3 35 27 34 24 21 
21 14 12 37 8 15 
19 47 48 26 31 37 19 12 33 
46 12 25 47 16 
37 36 11 29 7 0 5 21 
38 36 29 46 31 26 3 32 27 
32 23 13 34 30 
46 18 33 48 40 28 39 35 
