157516 593458 293455 212226 864938
944589 904361 377501 268721 265652 107693 675829
707763 171098 88912 851711 562540 782960 228209 303188
927355 209477 663360 224600 498621 748300
748711 767457 51437 10796 597462 293207 467294 314793
227791 462536 792637 253049 746841 364246 646085
399051 755250 198543 915430 633603 728423 612028 631426 418743 554441
3105 567824 642310 721063 530750 410034 591168
362399 460973 879056 702633 168494 17993 930074
682179 762396 595810 490665 925518 452421
553938 941648 697983 90349 545560 47403 238210
274049 724921 198163 687851 438966 114469 900096 440192 741455
582637 532139 264622 491432 984296 464396 478437
173135 719557 852814 881560 760990
843195 192763 672286 28780 280045 357367 782560 26831 567211
990466 770240 794582 481994 942852 212439
923147 216114 841468 51413 218549 976585 288083 415190 903128
701845 915263 952460 921620 206651 952075 116564 169752
94722 108052 135095 243143 977952 842544 851730 823212 69264
662553 754193 196570 266881 911469 947214
904816 291488 3138 984532 1515 488007 747044 373508 455620 902490
125609 744686 909057 140088 745949 255332 935617 867110
278860 222168 899986 465030 342779 229327 601294 430049 120009 43671
196880 844772 334698 923287 35983 185340 266935 356258
769460 878183 920103 785489 722640 680923 437685
561114 469570 508363 437571 395204 31964 611811 275118 445743 998736
681856 19093 725118 405990 434649 710785 456210 695384 219385 588020
51235 933419 509028 913302 731902 835370 455151 69950 251507 340707
763049 925590 710574 150340 561412 198502
795350 345498 899037 709332 319156 820733 435773
398969 682878 635778 382772 948034 339297 986694 378944 77761 274815
595182 440877 245604 593867 253294 939666 782957 585162 236036
951251 782480 684028 97236 568560
233596 191828 899675 340005 127521 440059
235161 87743 362023 366537 945970
152567 754394 510477 246457 45794 591411 877869
682451 550201 24801 295087 762530 718663 987365 566509 651885 8872
390323 524018 967093 715338 827756 853680 17220 484143 535361
738272 562743 109687 217513 850492 350203 455414
892460 137065 659350 667784 434438 308718 789868 447882 678156
454584 985655 222311 880174 88708 626205 583940
579796 835452 438548 267258 11556 137571 764291
817437 673386 711257 835749 477188 109516 621774 173199
412642 176648 727713 104307 96109 903335 270493 771338 14941
550105 874578 352488 141875 257754 118809 753667 147890 231516 932678
485192 876972 63220 169483 454262 323596 133188 18007 16122
544685 410225 443467 506274 967908 417067 55448 199094 473535 337365
214156 446061 96647 142562 849459 776255 975766 356964 878580 702120
84587 918605 118240 998634 39316 985842 225677 809097 534963 356051
480144 639250 377555 907833 495834 129739 97409 323889 464401
652496 890727 257234 82212 742104 378881 627437 951084
975266 878845 120849 135925 397684
234894 92414 802045 930143 645621 559010
850456 943113 624953 303053 796270 920694 465474 45474
430773 69091 421009 437416 170435
881033 513005 427757 481676 21391 919791 946641 798234
30419 359574 117170 568368 418582 926640 327085 603252
483335 251388 806522 162082 878078 603779
698286 937647 233343 974854 570392 836559 31441 205905 704291 337597
15058 315385 817065 246260 800532 182826
298906 858704 275883 110300 242306 461986
690258 389001 864541 566802 295762
358657 743617 31659 682851 734326 912827 221791
690623 543017 973938 340619 43565
674844 991874 589024 617160 161949 300432 66937 27371 116340 990470
248553 136026 382454 803283 294159 158207 981339 445649 81710 245264
287714 51280 248626 998192 830239 386221
538765 937724 596357 155766 244917 784721 328210
462348 388872 141487 255950 394849
277150 793598 733049 896741 831246 601457
682318 781436 725987 57406 390021
711234 48032 960662 915004 1928 526575 195496 627177 653842
517449 424776 174675 488490 194234 126390 644864 29940 507843 849999
185469 537298 660389 362658 475425 76666 128707 387095 594806 359584
298639 956188 377186 361657 699735 242043 931532 25799
413048 563822 328023 378020 387848 990004
604024 706731 579799 236262 243863 114076
861404 474510 963527 144204 145241 661781 711676 351224 803693 844156
72987 19045 303301 118347 577584 44282 715810 351406
745418 200391 307976 701391 646642 253272 562202 663721
450810 984962 310773 731751 852823 700935 154329 654200
387635 630264 546285 541906 115685 652803 169787 193891 107055
506891 338000 520384 706402 346251 76634
224530 236107 45932 612063 205671 572942 982834 74304 617990 889274
247386 976501 237706 335122 342223 197983
167030 654899 976514 946377 989724 581327 131978 849587
189754 806855 954949 900562 107033 361524 811745 458634 448228
906645 147933 380942 471308 882309 91881 618685
367295 226820 201896 959542 541284 376565 912309 742653 380638
563509 348130 987655 844517 901481 74142 8368 105418 253373
593590 192679 48416 395341 791171 855568 184848 254173
770530 215177 527972 423668 326445 941803 861517
630792 218948 428953 596971 15973 450482 744592 239283 490311 112961
698573 514644 241079 289663 992697 756187 402384
988136 90193 897351 355925 877948 64783 635915 793299 317136 489973
977471 357691 158959 143048 2051 942437 228471 504293 225404 56595
313826 574502 382831 674867 116452 404698 806372 544832 370849 292323
931072 958035 690388 470751 116833 609344 447449 571674
36784 745254 525597 242617 557867
97205 801001 577120 665303 543831
513596 661551 932772 728462 907825 833163 259836 789658
640077 160489 51453 989741 813722 4680 798071 542633 488308
659318 656428 655397 316966 885253 350722 969999 644190
629656 587175 203810 596335 18867 188830 577406 495000 546731 706588
611558 966617 934300 878217 51006 429421
268871 648243 384827 292960 527327 498707 90931 357217 165584
998338 443822 617945 246169 469827 517729 393034 93959 909821
742964 477496 436207 209699 19554
509020 189046 720054 288425 813972 263727
788858 328766 58803 178013 395922 767236 791510
447503 89280 144235 902224 970482 391918 440637
382271 224566 60537 595512 793158 867389 6783 510019
82887 273324 440621 167244 211952 748331 497276 791438 130786
337737 163014 549749 654100 717461 598374 242569 76820
653900 594267 496991 516331 296169 102734 491824
976101 557755 734378 701554 428695 557965 736552 332588 800709
81227 724944 660895 813619 531042 806069 486588
36835 489742 602751 502122 396924 700274 681525 101398 532953 59946
150076 472615 18437 644901 692712 910615 600754
143993 191680 630676 70925 374513
167796 653938 165359 361266 189902 722146 294729 128785 60819 711417
628490 137642 674662 379427 984922 218337 576504 993950 376843
737101 657207 501056 880249 210306 425954 444082 834274 168574
617553 156251 388813 637594 595308 219810 652754 484187 743304 508249
313330 143113 679404 119212 203071 338300 937314 220769 685197 501733
732562 690897 914313 749905 47203 989331 475823 846740
109230 52528 211215 367197 542493
938795 181959 700210 942414 321663
123518 503673 455849 818194 5803 985333 550238
178994 684532 870411 332567 15258 903606 864361
288894 327792 200490 552960 941631
329265 718461 638801 150167 741784 478216 494777 196037 380060
871402 106475 376704 977869 746426 190938
755667 495853 107628 20519 872737
986694 900446 54119 754497 95773 435774 373559 590074 620186
188620 660205 634742 314045 59204 163201
935773 561217 776244 291588 405837
585236 805983 673010 348127 254246 188282 831634 610199
132597 597539 852815 548758 48806 751106
314877 793052 817143 394913 443753 316987 153228 263475 47804 93326
820089 305360 459462 925653 536180 64158 864762
485406 600614 50933 776352 636792 107701 171955 458842 484383
227335 766163 107044 673318 837484 324254
625076 305054 761069 619726 711850 823992 533982 491036 681269 6875
189898 992472 472143 606307 881416 533261 305725 738023 120971
941072 602128 827650 890999 680003 892472 514423 292184 680933 617691
171195 320916 78719 248798 180126 660695 600108 159950
819152 857382 823064 299525 521916 767952 368198
825411 651748 232650 396656 848668 776940 38939
616152 800651 858295 903028 499244 336119 595559 815088 474730 796195
512226 603088 354632 87586 891133
14897 818854 159830 619216 466723 155799 968027
653003 951386 95697 931398 988921 640608 983454
446153 165720 335022 522223 962067 642606 56941 694338
1360 395151 365593 115302 69423 402623 754799 467000 84721
212102 911453 310485 465531 840293 244177
259584 862992 851876 475063 436025 557305 304588 723695 10919
957336 833811 516649 74073 51526
276081 544361 63037 696023 636503 498326 404184 99336 845067 64857
567336 760309 651764 979183 161171 465539 621330 243268 415440 888289
961035 115752 228026 964325 150634 280241 878158 709358 959688 574055
776984 395321 186958 289701 812997 700783 182912 824507 221529 876706
513036 571803 80866 566526 786782 177068
752222 915493 314410 331890 761637
952779 450321 284347 131555 650030 981009 695799
182219 411617 236241 189459 325904 714110 393470 402891 322092 775961
962629 485695 802981 925386 557330 526710 359880 149746 659319
639914 93494 367936 649776 903654 1202 483086 735997
962633 835196 988890 114925 873881
491261 548961 492706 170342 951360
125792 597180 533431 421559 150397
52886 873789 787284 102340 954152 588027 510163 339520 236110 92684
172383 352783 834217 384779 809388 386746 2085 765546
942906 514680 116876 830227 853860 452159 963834 106035 310062
30966 644916 206846 872915 927597
212951 81375 790713 524112 703115 126053 474480
782365 310244 183727 740722 734467
656386 216614 130996 176288 39576 352703
822425 450863 300844 140051 908243
392483 35899 10979 394549 590024 622033 723660 219251 673099 573119
798271 622235 705739 280572 908097 541709 588467 325662
131985 625950 500022 138014 680225
235488 217744 84626 436818 245199 833672 130670 595163 466879 619356
756294 493831 742018 869032 796583 735273 727252 363499 887056 985256
468054 290599 505720 911825 229195 790633
93311 164847 307448 768589 840431 638179 742076 899201 37260
545279 581388 453915 330647 794640 283018 346689
249607 30234 906378 836258 298629 468109 476757 568240
92607 546849 145386 411185 623475 295880
710383 97029 592165 50663 513368 555777 842497 330955 746964 552341
33062 29551 34141 443980 710834 116590 677669 259247 431819 889174
603555 91782 327449 29426 260749
716047 594020 212363 449695 307633 103254 8595
229492 286655 289773 679508 414637 677258 774742 218448 953117 862534
487586 555827 197056 35606 95743 242055
929374 668221 218077 728895 743567 249031 132257 78786 92664
570334 970343 634170 307260 85703 862124 992327 73237 540768
514370 862965 710167 294753 390580
912525 803084 356878 21879 806552 902615 855732 393819 624725 934699
780393 455489 401530 396047 53442 24634 881018 951406
287798 226984 71208 457372 887824 818082 431831 402647 281303 941551
561805 68875 257248 286141 850538 233657 973327 246140 828466 482316
743195 120549 157121 291211 768232 547644 23665 894446 688075
543144 744338 879217 88478 459500 363169 968249
590766 865472 756179 712729 389339 888052 936924 598238 579475 105686
194205 228164 88967 957339 310068 477778 20378 905196 238899
956588 317234 868975 492875 299089 986840
212060 551591 242203 734247 831076 247956 615786 531082 664022
190085 811030 958082 9249 915177 265986
257495 236637 165126 585348 778712 645349 398325 589943
309702 584362 816649 826680 84448 981253 340519 397308
675100 541322 137440 473928 289181 851599 181295 174765 67707 439098
943705 421038 850184 757964 134287 332033
67908 937106 806132 598187 953779 159368 629285 782158 825552
857354 459886 526664 656605 737049 503077 611607 855180 841979
660299 839190 631157 255622 607826 406752 274684 556632
170188 479740 554019 333768 873396 74695
22887 896396 574598 48264 764777 132194 4840
821805 266180 75848 330310 88671 147639 898842 356687 903631
5298 427117 794311 415158 469443 766425 17109
381001 929551 565275 560588 324646 62728 986585
662070 579160 358113 350814 874020
237469 722160 920553 188443 752712 453905 251407 17087 63061 592944
463377 330510 675800 563942 957162 956453 483943
450856 145475 544657 917069 989631 223442
891415 142267 659051 481951 944989 434330 302244 975018 628181 397291
793580 262547 753944 61825 986500 673619
766933 166417 766594 21166 940939 87780 349538 812629 359228 340964
899842 41824 599064 942829 598027 844869 147145 621337 76289
135427 164893 770608 123755 139709 432140
745662 717309 801665 977053 848930
746557 488113 337678 567075 738578
789637 957851 72419 53535 336955 654701
612397 111464 310192 334188 261684 635422 307891 565247 708631 586679
199793 563149 947004 402924 33600 302635 779148 595491 48656
196737 877839 104434 400495 571349 925689 150550
664982 353674 177251 220529 453491
85132 590392 435931 355031 409928 523822 982544 404790 928861
716637 553179 962183 861496 841118
599319 82541 769717 566979 683222 543020 355412
491889 87935 705870 334768 64456 601143 893609 703937 669465 146126
336909 14157 769660 179176 51813 954193 32492 150622 974099 78584
404875 82530 364290 913119 987426
329132 696996 166928 208123 131802 798047 32084 795214
653838 912242 655698 649275 85992 549613 103417 478139 115517
113633 732137 758856 557008 521971 780803
771432 209637 4384 770833 829039 213768 804056
308359 821343 160181 791203 318757 6008
429430 72893 266211 10624 131075 1602 550744 92882
319967 106932 895951 972500 214813 279789 477858
88724 263996 15715 821064 782473 206326 349683 737591 920581 573073
443578 977131 156473 936638 139248 429325 543321 908411 593890
126575 604415 486376 6613 26929 311840 272696
765610 155181 651153 310935 630448 164004 39608 574895 671277 990113
365731 390897 935369 433916 961604 12274 890378
593683 251510 657989 753252 608447 253960
876814 80032 817826 308262 772582 10935 384644 665864 56706
48008 704607 786962 30944 251344
627796 56951 840249 375205 321491 140414 780850 218032 470654
272615 732454 572928 613520 469567 600833 531036
675544 103239 588437 873992 285323
578741 279022 843923 244123 426335 870205
727639 525241 979677 476672 645017 625624 432904 585409 831069
406527 331406 169347 993953 214424 490080 895537 223901 653799 689997
69082 543590 186477 104272 691312 828196 550723 96072 393755
123077 880497 182707 19741 259075
745859 374872 958991 945056 273468
149535 962798 988471 996246 138162 434069
23522 749300 579526 889989 956215 419443 873746 125169 946865
380620 296938 799190 530270 554533 51434 566521 354018
859970 483547 591101 716207 830845 876347 847493 453993 133201
529494 380875 917922 710698 470832 879521 79185 105482 404867 275255
994107 356886 525899 131405 430639 353776 743384 845187 611198
459409 369650 225486 43326 571534 623113 361928
165656 836524 116597 394029 179916 64413 165434
922492 945778 569494 334509 945086 445647 904813 303548 73216 536076
18731 140977 820746 227653 796154
162248 679046 256023 306062 782600 476610 796965
507086 702392 109750 775070 260597
842552 112936 237129 326079 928025 532782 479299 150110
853932 638251 836378 184557 591427 367512
850096 795367 868388 59304 362429 106763 74585 376536 779757 181625
807887 942145 336248 794966 901458
493819 696135 286585 940710 571618 218167 531772
472161 116489 369857 911632 911410
864083 347678 324183 898499 353439 182438 923738 551854
950972 139968 35395 112985 800928 592387 556768 388885 268667
511640 686413 837162 804523 76816 214391 800323 423508
812893 319788 779332 900659 300134
109767 221043 273692 709861 95934 484266 187907 640934
648424 921033 849816 828767 1879 943475 928505
324022 235392 252155 349383 821665 101946 422236
269221 584186 465497 681741 379157
946674 995851 181127 924863 644841 851512 133475 266622
63959 874492 564285 214148 935809 206987 286249 580075
838124 681746 379383 84105 643977 671717 591988 5747
496044 915655 716079 503435 248242 104508 25855 192401 589833
199356 860444 504718 335183 345559 44004 170529
483106 792841 46269 361417 742531 878894 52399 146323 753517 523040
286238 627417 893861 129276 185646 52507 890245