0,227,34,11
2732,226,38,12
2676,225,39,15
2660,228,38,13
2672,232,38,8
2668,230,36,8
2660,226,32,12
2676,225,37,15
2664,220,34,19
2716,220,36,14
2668,226,36,13
2664,226,37,10
2672,221,33,12
2668,228,34,14
2664,228,38,14
2672,228,36,11
2664,223,34,14
2668,230,36,9
2668,229,38,10
2660,230,37,7
2660,225,34,15
2656,232,34,13
2668,224,36,10
2664,226,32,5
2672,233,32,7
2660,225,36,8
2656,225,33,10
2668,222,34,12
2668,224,36,8
2664,228,36,11
2668,225,37,9
2660,227,37,9
2668,226,41,8
2672,228,36,8
2660,224,37,7
2660,231,36,11
2664,231,31,11
2664,223,30,12
2672,234,35,10
2660,223,38,10
2668,226,36,13
2660,228,36,12
2668,227,35,14
2672,227,35,16
2712,219,34,15
2676,227,36,14
2656,219,38,15
2668,227,34,10
2660,219,31,17
2712,231,43,14
2676,231,34,14
2660,221,38,21
2712,225,36,16
2716,226,36,15
2664,227,38,14
2672,230,36,11
2672,225,38,12
2668,228,36,15
2676,233,37,10
2660,229,32,11
2668,226,33,12
2672,234,33,10
2664,226,39,12
2676,220,43,16
2724,233,34,12
2664,225,35,11
2672,221,33,18
2708,225,30,19
2720,227,32,16
2716,224,35,15
2660,228,33,14
2680,223,34,15
2660,224,37,14
2660,235,38,11
2668,225,35,14
2660,225,43,14
2672,230,39,12
2660,230,37,11
2664,229,40,12
2664,226,37,12
2664,227,36,14
2668,226,34,11
2668,224,37,13
2664,224,35,12
2664,227,34,12
2656,224,36,10
2680,229,36,11
2660,223,36,11
2656,227,29,14
2668,223,37,21
2708,222,33,19
2716,222,34,17
2716,234,37,9
2660,224,36,13
2676,227,38,11
2664,228,36,14
2660,225,39,13
2664,227,37,12
2656,227,35,14
2676,221,34,17
2716,222,40,14
2660,220,39,18
2716,234,37,9
2664,224,30,14
2668,227,34,18
2728,220,40,16
2712,231,35,13
2672,225,37,13
2668,225,36,15
2660,223,35,15
2664,227,36,15
2656,227,35,11
2668,223,37,13
2668,229,35,10
2660,232,36,11
2668,230,43,11
2656,227,32,10
2668,226,42,6
2668,234,33,17
2708,224,36,11
2672,224,35,16
2708,226,36,10
2672,227,35,13
2664,226,35,10
2660,227,32,9
2676,232,30,10
2660,229,32,11
2660,229,32,11
2672,224,35,11
2660,233,40,4
2688,235,37,7
2668,231,31,7
2660,230,33,9
2672,225,37,8
2664,227,38,3
2688,226,35,6
2664,233,36,5
2668,233,33,6
2672,226,34,12
2656,231,37,8
2672,233,33,5
2680,231,32,7
2660,231,33,7
2668,233,35,5
2664,235,39,1
2680,217,36,10
2668,231,40,12
2660,221,32,11
2660,232,34,11
2664,227,35,11
2668,225,33,11
2660,229,34,11
2656,225,34,14
2668,224,34,14
2664,231,36,11
2664,225,33,12
2668,230,36,17
2712,228,33,17
2724,228,36,18
2724,230,32,15
2660,223,38,13
2668,228,34,15
2656,223,38,16
2720,223,38,16
2724,223,36,20
2708,224,37,23
2724,222,39,21
2716,224,39,18
2716,222,41,19
2728,221,34,13
2668,227,44,12
2656,236,37,12
2668,223,36,9
2660,228,37,6
2668,231,36,7
2668,227,36,8
2660,227,37,7
2668,230,36,8
2660,232,36,5
2676,230,34,4
2680,227,35,10
2668,232,30,6
2672,228,30,10
2660,228,36,8
2672,221,31,0
2684,233,33,6
2664,226,25,4
2684,222,34,8
2660,227,29,12
2664,226,31,8
2668,228,33,9
2664,231,35,8
2676,225,32,7
2660,232,33,11
2664,230,31,10
2668,228,35,13
2656,225,29,15
2676,228,26,16
2720,230,27,10
2656,224,34,10
2680,224,36,12
2660,222,27,14
2672,223,30,8
2668,225,29,9
2660,222,31,8
2672,228,32,10
2668,228,33,10
2668,226,34,11
2664,233,33,8
2656,229,32,10
2668,230,33,11
2660,228,30,10
2660,225,33,10
2668,221,36,11
2660,220,37,11
2672,236,40,5
2668,236,38,1
2680,228,40,6
2668,223,40,9
2668,223,37,16
2716,226,35,17
2720,226,36,16
2712,218,32,22
2716,227,38,18
2708,220,41,14
2668,225,44,18
2716,214,37,21
2712,224,37,14
2660,227,39,5
2680,234,42,4
2672,234,44,3
2672,233,42,6
2668,231,41,8
2660,237,37,11
2668,233,36,10
2660,234,35,11
2660,220,37,17
2712,223,35,12
2668,226,31,13
2672,223,44,11
2660,224,37,20
2728,220,33,15
2672,221,35,14
2660,222,37,14
2668,224,38,12
2656,221,35,16
2724,224,38,14
2672,226,38,12
2668,230,35,10
2668,230,37,9
2660,226,38,10
2668,227,32,13
2672,218,32,11
2660,219,34,19
2724,229,28,10
2664,221,35,12
2668,223,34,14
2672,221,36,15
2660,227,35,12
2684,229,36,14
2660,227,36,14
2668,228,35,12
2664,224,38,17
2712,226,36,22
2720,219,39,20
2716,222,36,16
2712,223,43,12
2676,222,40,18
2720,221,39,14
2660,223,38,11
2668,223,37,9
2660,228,38,10
2672,223,37,8
2672,220,37,10
2656,229,41,7
2668,227,38,5
2668,227,37,8
2664,226,39,12
2672,234,46,4
2676,243,37,-2
2672,231,39,5
2672,239,35,0
2676,229,41,1
2688,231,36,5
2672,230,37,2
2688,229,32,5
2684,232,32,7
2660,234,31,6
2672,233,34,6
2664,228,36,8
2672,227,35,10
2664,229,32,10
2660,225,37,10
2668,220,40,17
2716,232,28,8
2668,223,30,11
2660,227,34,10
2656,225,34,11
2668,227,34,9
2660,225,35,12
2668,232,37,4
2676,232,37,7
2664,229,34,5
2676,231,36,5
2676,239,32,4
2672,234,36,2
2684,233,35,2
2672,231,32,8
2676,226,34,12
2664,232,32,6
2668,226,37,6
2672,227,36,5
2676,230,32,10
2676,225,32,10
2672,227,34,11
2664,226,33,10
2664,227,31,9
2656,225,30,10
2668,225,35,11
2668,224,40,13
2660,230,31,12
2668,228,35,13
2660,230,30,8
2672,236,32,11
2660,237,32,11
2664,235,34,9
2664,232,35,7
2664,234,35,5
2680,230,32,7
2672,227,32,5
2668,220,31,7
2664,228,28,8
2660,223,30,8
2668,221,22,12
2668,225,30,11
2664,231,39,5
2676,236,29,4
2672,231,31,8
2668,226,30,14
2668,233,31,9
2660,231,30,11
2672,227,28,10
2660,222,27,16
2720,227,32,12
2664,221,32,17
2716,229,26,18
2724,223,33,20
2720,220,32,9
2656,225,28,12
2668,220,25,15
2664,208,34,24
2716,222,31,21
2724,222,32,21
2716,219,35,18
2712,220,34,14
2676,216,32,13
2660,213,32,15
2676,224,36,6
2660,229,36,8
2664,225,38,15
2668,231,39,10
2656,226,35,15
2672,228,29,14
2660,223,33,21
2720,230,38,14
2668,228,34,13
2660,224,33,13
2672,222,32,12
2672,227,34,9
2660,229,32,9
2672,233,32,10
2660,230,28,11
2676,222,33,13
2664,232,40,5
2668,232,40,11
2660,233,38,11
2668,217,36,7
2668,232,34,0
2680,230,37,3
2680,230,35,5
2676,228,36,6
2660,228,34,6
2672,228,32,5
2684,223,36,6
2660,221,35,11
2672,224,35,8
2660,230,36,11
2668,231,34,9
2664,218,35,13
2656,223,36,11
2672,234,45,11
2664,224,38,12
2660,224,44,11
2668,222,41,9
2660,225,43,8
2676,229,39,7
2660,227,43,7
2668,222,42,8
2668,218,36,7
2660,229,40,6
2672,218,41,13
2664,223,45,5
2676,227,44,3
2676,225,39,9
2664,229,27,0
2680,225,36,7
2672,229,33,3
2668,233,35,1
2680,229,34,1
2672,232,32,-1
2676,231,35,1
2676,231,38,-3
2676,228,32,2
2672,228,35,-2
2676,221,31,5
2676,224,33,6
2660,232,38,7
2656,231,32,2
2688,237,28,3
2668,232,33,4
2676,232,31,3
2680,231,32,6
2660,227,34,8
2676,230,34,7
2660,229,31,7
2656,225,33,11
2668,235,34,8
2656,228,34,17
2728,230,33,17
2720,231,32,22
2712,223,36,17
2724,228,29,10
2668,227,31,15
2664,220,27,18
2724,220,28,21
2712,220,26,19
2720,218,28,21
2716,221,29,18
2720,220,31,17
2720,220,33,15
2664,226,28,11
2656,233,30,15
2672,224,31,13
2656,232,38,11
2676,234,44,3
2676,239,34,10
2660,230,34,11
2680,231,34,8
2668,230,32,6
2660,225,34,8
2668,225,30,8
2660,224,32,9
2676,223,30,13
2672,219,35,11
2660,224,28,13
2668,229,24,8
2656,227,30,15
2672,227,31,18
2716,232,31,10
2660,230,28,8
2668,226,32,6
2660,228,33,7
2664,232,33,7
2668,229,32,5
2668,228,36,4
2680,231,31,5
2676,232,36,5
2680,236,30,4
2684,229,32,-2
2676,215,35,8
2680,232,40,5
2684,230,41,11
2664,223,30,10
2668,222,30,11
2660,224,29,9
2676,229,32,9
2664,227,29,10
2656,227,30,11
2672,224,31,14
2660,221,35,16
2720,224,35,16
2724,226,38,11
2664,226,39,6
2684,228,31,13
2660,225,36,11
2664,224,32,13
2668,223,36,20
2712,226,35,18
2728,225,35,15
2668,223,34,18
2712,225,34,15
2672,223,36,15
2664,218,35,14
2660,225,35,13
2672,224,37,14
2660,231,37,10
2676,226,39,11
2660,237,42,7
2668,234,35,11
2668,229,36,8
2660,231,37,4
2688,230,35,7
2656,226,32,7
2672,227,33,6
2672,230,31,5
2672,228,34,6
2676,228,38,7
2660,227,36,8
2660,223,38,10
2668,226,30,10
2660,223,33,10
2676,223,37,3
2676,227,34,12
2664,226,34,9
2672,218,36,15
2660,227,34,12
2672,227,35,10
2668,223,35,8
2664,225,36,8
2672,226,31,7
2660,224,34,7
2668,227,35,6
2668,236,33,0
2668,234,29,5
2680,216,31,8
2660,229,37,10
2668,219,33,8
2672,228,36,1
2668,220,33,11
2668,223,31,8
2664,225,33,8
2660,227,31,7
2668,225,29,9
2664,222,29,11
2672,224,34,8
2660,232,32,10
2668,234,36,4
2672,224,37,10
2664,225,43,13
2660,227,34,6
2660,236,29,7
2672,240,26,7
2680,231,29,8
2664,227,32,8
2676,228,30,7
2664,226,34,8
2660,230,33,8
2668,231,32,6
2656,230,30,10
2672,228,33,8
2656,226,32,5
2676,224,31,9
2668,239,38,5
2672,233,34,4
2676,230,33,7
2676,227,31,7
2668,223,39,9
2672,223,34,10
2656,227,32,12
2672,224,35,11
2660,227,33,11
2660,228,31,12
2668,227,30,12
2660,224,33,15
2672,222,29,15
2668,220,33,17
2708,223,41,11
2672,221,32,13
2660,224,30,16
2716,227,28,14
2680,233,29,9
2660,225,30,13
2676,226,32,10
2664,228,30,12
2664,225,34,12
2672,225,32,12
2660,224,33,12
2680,227,32,12
2664,225,31,9
2660,226,31,11
2668,225,25,14
2660,216,28,12
2672,230,29,5
2676,231,26,9
2660,230,35,10
2672,224,33,14
2660,227,33,10
2676,224,34,8
2668,220,30,7
2668,227,30,6
2672,228,29,10
2664,229,29,6
2672,228,30,11
2668,231,30,6
2660,235,28,3
2680,240,41,0
2668,234,30,10
2668,227,34,10
2660,230,31,7
2656,225,38,10
2668,226,31,11
2664,228,33,9
2660,225,30,8
2672,222,33,8
2660,226,32,4
2676,223,35,6
2664,234,34,5
2672,234,38,5
2676,230,34,10
2664,226,37,14
2672,227,32,12
2660,234,35,-1
2684,223,36,10
2676,224,36,9
2668,226,36,8
2680,223,33,7
2668,226,32,9
2668,227,35,7
2672,227,36,8
2660,230,35,8
2680,229,33,9
2660,226,34,10
2668,224,38,7
2672,226,36,9
2660,228,36,7
2676,225,38,11
2672,221,34,14
2660,226,39,10
2668,225,35,11
2660,221,35,12
2676,226,35,11
2668,229,33,8
2660,228,32,9
2672,230,30,8
2660,229,31,10
2676,226,35,6
2668,224,34,10
2660,225,33,11
2672,226,27,9
2656,225,37,10
2672,226,37,4
2680,225,33,8
2660,227,33,9
2672,228,35,6
2660,228,35,6
2668,228,34,6
2664,227,30,7
2656,224,30,8
2672,230,33,4
2668,231,30,3
2680,237,33,11
2660,225,33,7
2660,230,26,7
2668,225,24,22
2708,225,32,9
2668,230,31,11
2668,228,32,11
2660,227,29,11
2672,223,34,10
2656,227,32,9
2668,222,33,11
2672,226,31,9
2656,225,38,6
2676,225,29,10
2660,216,32,14
2668,217,33,22
2716,226,32,16
2716,229,30,10
2672,223,39,12
2668,227,39,12
2660,227,36,11
2664,228,33,14
2656,231,34,12
2668,228,34,16
2716,226,33,15
2660,226,34,14
2676,230,34,11
2668,224,32,17
2716,224,34,11
2668,221,31,16
2708,227,35,20
2720,217,35,12
2672,233,35,11
2660,226,31,10
2668,226,34,12
2660,226,37,12
2672,229,36,10
2676,227,33,9
2660,228,33,7
2676,231,37,0
2668,235,34,3
2676,235,34,3
2680,226,26,9
2660,221,31,9
2676,235,28,7
2668,228,27,9
2656,232,34,3
2680,229,34,6
2656,230,31,7
2668,231,31,6
2664,229,35,6
2660,228,34,7
2668,226,38,6
2656,228,32,12
2668,227,36,14
2668,230,38,12
2656,245,37,3
2680,228,26,10
2664,231,39,9
2676,224,31,8
2668,226,32,8
2660,224,35,12
2664,225,33,11
2660,228,34,10
2672,227,33,8
2664,221,33,12
2656,222,33,11
2668,222,33,13
2660,221,33,14
2668,226,34,9
2668,224,30,21
2712,222,34,13
2672,221,30,9
2664,222,43,12
2668,227,39,8
2680,226,36,8
2668,226,36,7
2676,226,37,7
2660,225,37,10
2660,224,37,8
2668,227,40,8
2664,232,35,8
2676,233,38,4
2676,220,36,8
2668,239,28,9
2660,227,31,10
2656,222,35,16
2724,229,28,8
2668,221,37,9
2664,225,34,9
2660,226,34,8
2660,229,34,9
2672,229,34,6
2664,229,33,7
2656,229,33,9
2672,226,32,13
2660,229,36,6
2664,236,34,4
2676,226,33,10
2660,233,34,7
2672,232,32,5
2672,230,28,10
2672,237,30,6
2660,227,32,8
2664,223,34,8
2668,227,34,8
2656,227,32,9
2668,226,33,9
2664,228,34,10
2656,231,33,6
2668,231,35,8
2656,231,36,9
2668,230,32,2
2680,225,39,8
2664,235,23,15
2672,226,30,15
2660,227,31,11
2660,225,31,9
2672,224,32,13
2664,227,33,14
2672,223,32,12
2656,223,33,11
2668,224,33,9
2672,224,33,11
2668,225,35,9
2676,221,31,12
2664,228,35,4
2676,228,36,7
2668,225,26,5
2668,226,31,5
2684,231,32,6
2668,227,33,10
2664,228,31,9
2668,225,31,8
2656,227,31,8
2672,227,33,8
2668,225,32,9
2656,231,29,8
2668,223,31,10
2660,224,32,14
2672,223,35,11
2668,224,36,12
2660,228,33,8
2668,231,33,8
2660,225,39,8
2672,228,37,9
2664,224,34,10
2656,228,37,9
2668,233,34,11
2660,229,34,13
2672,227,35,10
2660,225,37,8
2668,225,36,9
2672,225,31,10
2660,227,35,12
2672,220,43,15
2672,224,30,8
2656,219,34,14
2668,229,31,10
2656,222,35,9
2668,229,34,5
2676,226,35,8
2664,231,35,5
2680,227,34,9
2664,230,34,11
2660,228,33,11
2668,227,33,10
2660,225,31,9
2668,228,32,8
2664,237,35,5
2676,236,32,6
2664,232,33,6
2656,228,28,10
2668,231,32,7
2660,233,34,6
2664,226,31,7
2664,224,32,8
2656,228,34,8
2672,227,31,9
2660,225,34,9
2660,228,34,10
2664,221,34,8
2660,218,37,5
2680,225,35,13
2660,235,35,4
2672,232,35,8
2672,229,32,7
2656,220,31,11
2676,224,34,11
2660,225,33,11
2668,226,30,11
2672,227,30,9
2656,222,34,10
2676,225,33,9
2660,224,33,11
2664,225,41,13
2668,219,36,15
2668,229,37,12
2668,220,34,16
2716,222,31,12
2660,226,29,9
2672,224,38,9
2660,224,32,11
2672,227,32,11
2668,229,33,10
2660,223,33,8
2664,225,35,8
2656,227,34,8
2668,225,33,11
2668,227,37,7
2660,223,39,7
2660,225,36,12
2656,233,36,7
2680,224,35,10
2660,231,32,3
2672,222,36,8
2672,230,32,7
2660,227,36,5
2676,229,34,6
2668,230,37,5
2668,229,33,3
2676,228,33,7
2664,232,34,3
2676,228,33,2
2680,227,36,2
2676,225,31,6
2676,229,33,4
2672,229,41,6
2672,245,33,8
2664,225,28,7
2656,224,29,8
2676,226,31,9
2664,224,30,10
2664,228,33,10
2668,225,33,10
2660,226,32,11
2680,222,32,13
2660,220,33,13
2656,225,37,12
2668,231,37,10
2660,226,40,7
2680,230,36,11
2664,227,33,4
2668,220,34,10
2672,224,34,14
2660,221,35,10
2676,225,35,8
2668,225,39,6
2664,229,36,8
2668,226,33,11
2660,227,34,8
2668,223,34,8
2664,232,34,3
2672,229,38,7
2664,226,34,7
2660,227,37,10
2668,229,34,2
2680,226,39,7
2660,229,33,7
2668,229,33,4
2668,230,33,10
2676,231,30,9
2668,223,31,11
2656,224,35,8
2668,228,33,8
2656,228,33,8
2668,230,34,5
2672,224,31,10
2668,228,38,8
2672,226,28,6
2656,220,30,17
2724,226,33,11
2664,220,32,9
2656,230,29,8
2676,227,30,9
2660,226,31,9
2656,226,29,7
2668,228,30,6
2660,226,32,7
2684,228,34,8
2668,219,34,9
2660,230,31,10
2668,234,32,8
2660,230,32,9
2680,223,28,19
2712,223,32,6
2664,227,33,13
2668,231,31,10
2660,226,32,12
2668,226,35,9
2664,223,30,9
2656,220,30,6
2668,223,31,5
2664,225,35,9
2672,235,31,15
2668,241,33,16
2712,241,30,12
2672,233,34,5
2672,236,43,-6
2732,226,32,-7
2728,228,34,4
2668,231,34,7
2672,230,32,12
2672,229,33,9
2656,228,37,10
2668,224,36,7
2660,230,32,8
2668,224,39,7
2676,224,31,12
2660,233,29,11
2676,229,32,8
2664,230,32,5
2676,226,41,10
2668,234,38,6
2656,224,33,8
2672,223,33,10
2660,222,34,12
2668,224,33,12
2672,220,32,12
2660,224,33,12
2676,224,30,12
2680,230,32,8
2668,223,38,9
2672,227,38,7
2660,233,34,8
2680,229,28,10
2668,227,38,8
2660,232,35,4
2676,224,38,6
2660,229,34,5
2684,229,33,6
2672,231,33,6
2660,229,31,8
2660,230,30,6
2656,228,35,7
2668,229,34,5
2676,224,33,13
2660,228,31,5
2676,236,37,2
2676,222,35,13
2664,232,32,7
2668,227,30,9
2664,223,35,10
2664,226,35,8
2660,226,36,7
2668,227,38,7
2676,236,36,6
2660,231,34,4
2692,234,41,5
2668,234,36,6
2668,239,39,5
2676,232,34,11
2656,230,37,4
2684,224,37,9
2672,238,37,-4
2716,236,32,0
2684,233,32,5
2668,234,29,6
2672,231,31,6
2660,231,31,8
2664,233,31,12
2672,233,31,9
2656,223,30,11
2668,223,28,12
2668,216,32,16
2712,214,31,17
2728,223,29,21
2716,215,27,25
2712,222,33,18
2716,219,31,21
2724,223,32,20
2716,230,34,16
2716,227,36,15
2668,226,37,17
2720,227,39,16
2720,229,43,12
2668,232,52,11
2672,243,49,2
2676,245,51,2
2668,242,43,3
2676,241,52,6
2656,238,47,-2
2676,238,52,-7
2732,233,55,-9
2716,232,50,-11
2736,229,51,-8
2728,227,54,-9
2724,247,55,-8
2736,240,48,-12
2724,246,56,-12
2716,234,48,-1
2684,225,44,5
2680,224,47,3
2668,224,48,5
2672,216,44,10
2660,217,46,10
2668,218,49,16
2720,211,48,16
2712,209,51,18
2720,207,48,22
2724,202,52,23
2712,202,51,15
2668,203,53,13
2656,207,56,12
2676,206,64,12
2668,209,61,17
2712,215,60,15
2684,216,57,15
2660,211,61,13
2660,216,61,12
2668,221,64,8
2664,218,67,3
2684,221,68,1
2684,226,66,3
2672,227,67,0
2684,233,68,0
2672,242,77,-4
2724,244,76,-11
2728,258,89,18
2716,306,133,120
2832,350,124,67
2772,452,180,92
2772,420,181,74
2764,331,155,-2
2732,268,168,-53
2772,223,184,-46
2772,219,169,-31
2788,287,146,-37
2784,275,147,-5
2776,268,149,17
2768,268,144,33
2772,280,131,49
2768,281,122,64
2764,263,126,59
2780,254,142,48
2768,248,142,49
2760,241,153,46
2776,244,148,45
2768,236,143,42
2764,243,140,38
2772,235,145,34
2768,236,150,24
2768,228,148,26
2756,251,155,17
2780,236,154,22
2776,241,155,10
2716,239,155,7
2720,240,156,6
2724,237,154,6
2708,234,156,6
2720,233,156,7
2716,234,151,6
2712,235,157,3
2736,231,160,10
2724,244,149,5
2720,219,153,21
2780,230,145,13
2720,227,143,13
2720,225,142,13
2728,226,147,8
2716,226,144,9
2708,226,146,5
2732,229,136,3
2732,219,138,3
2724,229,144,-11
2788,224,142,-6
2780,217,141,-17
2768,215,141,-12
2772,216,141,-9
2780,218,142,-12
2776,215,138,-7
2772,215,139,-8
2780,218,147,-10
2776,219,145,-13
2772,221,148,-14
2784,216,143,-7
2784,217,144,-9
2780,215,138,-12
2776,216,136,-16
2776,208,136,-17
2776,204,135,-17
2772,212,134,-22
2784,215,128,-19
2772,205,124,-28
2772,253,99,-51
2728,239,103,-38
2724,205,123,6
2716,164,134,29
2772,115,133,36
2780,102,145,31
2720,123,127,35
2764,156,111,30
2768,193,95,25
2716,221,77,9
2660,212,75,5
2680,195,80,7
2656,181,89,14
2668,184,99,9
2668,192,100,5
2668,192,97,6
2672,199,91,10
2664,220,92,5
2676,193,86,15
2664,207,89,3
2676,195,88,11
2672,190,84,21
2712,204,78,20
2716,206,75,30
2720,206,74,32
2716,215,72,29
2720,212,68,34
2716,215,65,35
2712,213,66,28
2720,220,63,20
2716,227,63,15
2660,222,61,16
2724,226,56,21
2720,223,52,30
2712,230,48,31
2736,238,40,28
2716,240,34,30
2712,247,32,30
2724,250,34,28
2716,249,34,26
2716,250,23,24
2716,254,23,23
2716,250,20,22
2712,247,12,15
2624,253,6,0
2620,239,10,1
2636,219,0,-7
2692,209,-9,-4
2744,199,-11,1
2692,194,-15,8
2680,192,-16,11
2684,188,-23,19
2744,190,-23,27
2728,191,-28,41
2744,191,-27,41
2744,188,-27,55
2732,182,-24,65
2740,190,-25,70
2740,198,-26,69
2728,203,-24,64
2736,207,-23,58
2736,214,-21,49
2728,220,-17,37
2740,220,-16,34
2736,230,-18,14
2676,234,-19,7
2692,232,-6,3
2696,242,-5,-4
2740,270,-5,-10
2760,273,-3,-7
2700,273,-3,-5
2692,276,-7,-5
2748,269,-8,-5
2744,260,-7,-3
2696,255,-16,1
2700,254,-13,1
2692,240,-21,1
2688,231,-22,6
2684,223,-28,-5
2740,214,-33,-17
2752,205,-36,-19
2744,193,-34,-21
2740,181,-36,-15
2744,178,-35,-13
2740,168,-44,5
2692,169,-51,9
2684,170,-46,18
2736,165,-49,27
2740,156,-37,34
2740,159,-35,31
2740,162,-35,38
2732,170,-31,42
2736,178,-29,45
2736,188,-24,46
2732,196,-22,46
2740,205,-22,47
2740,215,-11,50
2732,222,-4,47
2736,234,-2,34
2684,232,-5,35
2732,249,-1,28
2688,247,-1,25
2688,250,-5,20
2736,251,-6,14
2684,254,-10,6
2688,244,-15,6
2680,242,-17,8
2704,235,-20,11
2680,230,-24,5
2692,226,-33,10
2684,217,-36,14
2684,205,-40,13
2688,206,-43,19
2740,200,-45,21
2736,197,-44,21
2740,194,-43,25
2740,197,-39,32
2736,196,-38,36
2740,206,-38,32
2744,212,-41,30
2736,221,-37,30
2736,234,-38,19
2740,227,-33,29
2728,231,-31,31
2740,231,-31,34
2740,234,-33,29
2736,234,-37,21
2736,235,-31,13
2684,236,-36,3
2692,228,-44,0
2700,228,-39,-4
2744,225,-47,-4
2740,226,-54,-3
2708,217,-58,-1
2696,215,-59,2
2692,219,-57,2
2696,218,-54,0
2688,218,-57,3
2692,222,-51,8
2684,225,-52,5
2692,237,-51,2
2704,249,-51,-8
2748,242,-43,-7
2740,240,-41,-16
2752,242,-49,-17
2756,240,-40,-27
2744,234,-36,-11
2744,227,-40,11
2684,212,-41,21
2732,210,-38,22
2740,208,-36,21
2748,211,-39,23
2728,208,-37,25
2740,209,-39,27
2740,206,-39,28
2732,209,-35,30
2736,222,-32,22
2732,228,-29,18
2732,237,-25,18
2744,240,-26,15
2692,249,-24,14
2684,249,-20,5
2704,255,-17,9
2684,264,-10,-3
2692,256,-12,2
2696,250,-7,4
2688,258,-11,7
2688,264,-12,5
2700,259,-9,8
2684,257,-8,7
2692,251,-5,15
2692,250,-4,16
2728,244,-5,16
2744,246,-4,13
2688,247,-6,10
2676,251,-7,7
2684,235,-1,1
2632,239,0,-1
2640,235,-7,-6
2744,226,-8,-10
2744,228,-8,-16
2752,222,-8,-20
2752,219,-10,-16
2736,218,-9,-13
2744,222,-8,-9
2756,225,-4,-11
2736,224,-6,0
2696,218,-2,8
2640,235,-6,0
2696,225,2,12
2644,229,0,8
2624,238,5,3
2644,238,6,7
2628,245,5,7
2620,246,10,7
2628,249,9,8
2612,253,12,13
2628,255,15,13
2624,256,16,21
2724,257,14,21
2676,250,19,28
2708,252,25,30
2728,259,17,27
2716,258,24,27
2712,261,27,24
2716,258,26,29
2720,262,23,23
2708,262,27,19
2724,264,28,14
2664,267,31,9
2672,262,33,9
2676,262,31,12
2660,259,29,10
2676,264,27,4
2672,240,26,15
2668,247,28,5
2676,243,26,1
2672,230,18,-5
2736,227,17,-7
2720,229,20,-8
2724,226,19,-6
2740,227,23,0
2672,230,21,6
2668,233,15,4
2628,236,16,3
2668,243,19,2
2684,235,20,5
2680,237,30,4
2672,240,25,7
2668,234,27,7
2660,245,27,21
2720,241,32,30
2724,245,33,31
2716,251,35,34
2720,257,35,31
2720,258,41,32
2712,263,38,33
2724,263,45,33
2724,264,47,32
2712,262,40,36
2732,256,36,43
2716,253,37,51
2716,250,39,56
2732,248,36,60
2716,246,35,61
2712,243,32,63
2720,245,32,65
2716,241,34,66
2712,249,37,73
2720,248,33,77
2716,249,31,92
2716,258,38,94
2724,262,42,85
2712,268,44,81
2720,267,47,74
2720,266,46,71
2716,264,49,70
2720,265,47,72
2724,262,47,74
2712,273,51,70
2712,277,58,80
2728,270,48,71
2708,278,41,85
2724,276,38,89
2716,278,41,91
2712,280,45,92
2724,281,45,94
2720,279,46,93
2716,277,47,94
2724,285,49,94
2716,277,46,100
2712,279,56,97
2716,259,51,101
2716,270,48,111
2776,255,49,114
2784,247,50,113
2780,232,54,117
2772,222,59,123
2772,217,58,133
2776,212,55,142
2788,206,53,154
2772,190,46,165
2776,201,43,166
2780,181,36,162
2776,182,33,157
2784,184,30,145
2780,171,31,137
2776,164,27,129
2780,163,33,124
2776,172,19,117
2780,183,23,104
2712,178,20,101
2728,185,27,85
2720,194,30,85
2712,199,35,82
2728,204,35,83
2720,211,42,81
2716,211,41,80
2716,217,41,78
2716,226,45,72
2712,226,51,68
2716,220,41,72
2712,222,41,70
2716,201,49,63
2716,200,46,58
2708,204,41,55
2716,201,36,59
2724,204,32,57
2716,207,32,51
2720,202,33,54
2720,208,36,47
2712,213,36,48
2728,205,35,52
2712,213,36,44
2716,212,36,49
2720,214,37,50
2720,215,39,48
2712,213,38,54
2732,213,39,52
2716,207,38,55
2712,206,35,58
2724,206,31,51
2716,209,31,52
2720,214,33,48
2716,206,27,49
2720,204,36,48
2712,206,34,49
2716,207,35,55
2708,204,36,56
2716,205,35,62
2716,208,27,67
2712,212,30,53
2720,209,36,49
2720,198,36,59
2712,190,43,60
2716,191,39,66
2720,194,40,78
2712,193,41,80
2720,196,43,84
2724,199,40,83
2712,203,41,86
2728,191,39,94
2720,192,38,87
2712,200,44,90
2732,207,38,81
2716,221,41,70
2712,225,44,62
2724,229,52,51
2724,240,54,44
2716,246,52,36
2716,253,48,23
2720,251,46,15
2656,254,45,0
2684,245,43,-6
2720,235,35,-6
2724,240,26,-16
2736,243,27,-18
2724,238,26,-14
2732,224,21,-15
2740,226,22,-12
2720,222,20,-3
2676,219,21,3
2672,213,19,8
2668,219,14,16
2672,223,12,19
2664,213,13,22
2672,205,25,16
2720,200,26,17
2712,209,28,16
2736,208,28,22
2720,216,31,22
2712,222,35,28
2732,230,35,28
2720,233,36,27
2716,232,36,24
2724,238,44,21
2716,241,42,20
2716,251,42,14
2664,240,46,12
2660,247,44,7
2672,240,36,7
2672,234,31,5
2676,235,30,3
2692,236,26,0
2672,235,27,-2
2680,233,26,1
2676,231,26,-2
2668,228,30,-3
2688,231,26,-2
2680,237,29,-8
2724,232,23,2
2676,235,24,-10
2736,242,23,-8
2720,243,29,-3
2680,243,19,-8
2724,235,28,-2
2676,238,30,-2
2676,236,29,-1
2672,242,28,4
2684,231,28,14
2668,224,36,24
2712,227,40,33
2716,222,38,55
2712,223,36,71
2720,221,40,93
2724,242,44,95
2708,226,36,91
2716,211,45,92
2716,217,44,90
2704,214,40,87
2720,209,42,89
2728,213,41,89
2712,223,36,87
2724,224,30,77
2720,225,34,76
2712,229,40,66
2728,222,39,60
2712,239,35,31
2712,245,34,12
2676,246,43,3
2668,249,44,-10
2732,250,45,-16
2732,255,43,-20
2724,257,41,-26
2724,260,38,-27
2728,261,38,-35
2724,250,31,-34
2728,232,39,-41
2728,222,31,-45
2716,218,32,-42
2736,215,31,-35
2728,217,36,-26
2716,219,35,-15
2724,222,37,-11
2728,224,36,-11
2716,224,34,-16
2736,219,34,-14
2724,222,33,-16
2724,220,34,-26
2728,213,40,-28
2732,213,39,-23
2716,213,43,-27
2728,209,42,-31
2736,209,40,-33
2720,213,38,-34
2728,216,37,-35
2736,209,39,-40
2720,217,40,-46
2732,201,35,-34
2724,204,37,-30
2720,201,34,-25
2740,208,33,-34
2736,220,31,-49
2720,230,30,-60
2732,233,29,-72
2728,232,28,-75
2716,233,26,-73
2736,233,25,-70
2728,246,30,-77
2728,244,29,-75
2736,251,35,-71
2720,254,36,-76
2728,251,35,-73
2732,244,38,-73
2728,245,41,-64
2724,246,43,-61
2736,248,42,-53
2724,252,47,-49
2724,260,46,-47
2736,265,40,-43
2724,254,42,-34
2716,249,41,-31
2744,235,41,-21
2720,224,37,-14
2724,223,33,-11
2736,228,30,-16
2728,223,27,-19
2720,219,30,-24
2744,212,28,-27
2720,225,30,-35
2724,232,32,-33
2736,224,28,-45
2736,225,26,-46
2720,228,25,-50
2728,227,28,-50
2728,224,26,-48
2720,220,27,-46
2732,210,22,-41
2724,213,21,-44
2724,203,28,-41
2728,204,27,-46
2732,216,30,-45
2728,214,28,-36
2720,215,31,-23
2728,216,32,-15
2720,218,36,-9
2724,221,37,-7
2732,220,40,-7
2720,226,39,-8
2728,229,47,-2
2668,235,52,15
2672,223,43,9
2676,228,46,19
2708,225,54,37
2724,227,57,46
2720,231,57,53
2712,236,62,61
2728,240,59,68
2720,250,63,67
2716,254,64,71
2724,250,64,72
2720,257,60,66
2712,253,55,73
2716,253,59,64
2724,248,55,49
2712,245,54,46
2716,247,52,44
2716,245,51,40
2716,237,51,36
2716,235,50,32
2712,231,47,31
2724,218,40,39
2720,240,46,39
2708,227,40,38
2716,222,37,54
2724,208,34,59
2712,207,38,60
2724,211,39,62
2716,213,43,61
2712,220,43,60
2732,220,41,58
2720,222,43,46
2712,226,43,40
2724,223,41,35
2724,206,43,40
2708,222,46,28
2716,217,41,23
2716,223,42,22
2712,224,43,17
2716,231,39,16
2716,226,36,9
2664,223,35,8
2668,215,30,9
2668,220,33,5
2684,214,34,11
2668,214,30,1
2672,215,25,4
2676,219,31,2
2676,219,24,2
2680,220,24,6
2664,220,25,5
2672,223,28,3
2680,224,28,8
2660,223,33,6
2660,219,31,6
2668,222,31,8
2660,215,32,7
2660,211,30,12
2656,212,32,17
2716,208,28,22
2724,217,33,22
2716,217,34,19
2724,211,37,30
2720,208,36,36
2716,212,36,39
2724,211,39,42
2720,215,39,48
2712,220,45,42
2732,223,40,42
2720,224,41,38
2712,220,42,42
2728,224,40,31
2724,227,46,32
2708,227,43,36
2720,232,43,33
2720,238,41,28
2712,244,44,26
2720,243,48,18
2716,248,49,22
2716,244,48,19
2716,248,46,11
2660,246,52,20
2716,244,47,21
2724,240,45,19
2712,249,47,21
2720,249,42,20
2716,244,45,24
2708,241,49,24
2732,243,47,25
2716,245,50,30
2712,245,48,35
2724,248,50,44
2720,252,47,49
2716,252,45,48
2728,256,49,41
2720,248,52,50
2708,254,47,48
2716,250,48,46
2720,250,48,46
2716,244,45,45
2720,244,44,48
2716,239,46,50
2724,250,40,47
2728,246,33,52
2712,236,35,51
2716,227,38,48
2724,227,38,44
2708,227,36,43
2716,238,35,41
2716,235,35,41
2712,242,33,42
2724,242,27,42
2716,241,27,47
2704,244,29,45
2732,240,25,48
2720,225,35,57
2712,239,33,57
2724,250,29,57
2720,242,29,65
2712,245,26,63
2728,248,28,64
2720,247,26,65
2716,247,25,62
2716,242,29,64
2720,250,19,65
2712,246,17,67
2720,254,20,67
2712,259,11,67
2672,251,16,64
2724,254,12,61
2672,258,9,56
2676,258,9,59
2680,263,9,59
2660,272,9,58
2676,269,8,61
2664,268,6,64
2676,264,-2,61
2700,266,-3,62
2684,258,-4,56
2744,257,-6,54
2740,246,-13,57
2724,259,-12,59
2752,260,-15,65
2736,264,-18,66
2736,266,-14,62
2752,266,-19,58
2732,274,-20,52
2736,278,-21,51
2744,272,-24,51
2744,272,-25,50
2736,264,-26,52
2740,270,-35,47
2740,263,-34,43
2728,255,-34,42
2740,250,-36,39
2732,242,-37,39
2740,229,-45,46
2736,233,-47,42
2736,226,-48,43
2732,230,-46,51
2736,220,-55,55
2736,211,-54,51
2736,206,-56,60
2740,201,-55,59
2736,199,-59,63
2736,195,-60,61
2740,198,-61,58
2736,204,-60,57
2732,218,-62,49
2732,225,-56,44
2744,237,-61,37
2728,237,-57,27
2732,238,-56,21
2744,231,-59,18
2732,227,-60,24
2736,219,-62,24
2736,214,-66,24
2748,214,-68,31
2732,201,-68,27
2736,204,-74,29
2732,196,-72,28
2732,191,-70,20
2736,188,-73,31
2740,187,-74,35
2728,189,-75,40
2736,189,-72,44
2736,189,-68,52
2736,194,-72,54
2736,192,-68,61
2740,174,-59,64
2728,190,-67,54
2736,199,-60,60
2740,200,-59,64
2732,198,-57,61
2748,202,-55,58
2732,202,-52,56
2736,200,-51,56
2748,204,-50,59
2736,199,-50,58
2732,203,-48,52
2744,193,-53,61
2732,197,-49,54
2736,190,-54,58
2744,188,-51,58
2736,189,-49,61
2732,192,-47,58
2744,199,-38,57
2740,210,-39,58
2728,211,-37,57
2740,214,-36,54
2748,212,-37,59
2728,207,-31,67
2736,211,-33,67
2744,206,-30,65
2736,201,-32,68
2736,195,-27,67
2736,188,-28,68
2736,190,-22,70
2740,178,-28,77
2736,180,-27,90
2728,180,-17,84
2736,166,-22,101
2736,162,-16,95
2736,163,-12,88
2732,169,-10,83
2740,176,-7,80
2732,184,-1,72
2696,194,1,71
2696,205,7,63
2668,217,8,55
2676,222,19,46
2720,227,13,51
2664,230,13,30
2672,236,11,21
2664,237,15,17
2672,231,19,10
2668,232,19,12
2660,228,18,16
2724,226,22,22
2716,224,28,26
2716,218,33,30
2716,220,31,34
2712,215,31,38
2724,210,31,34
2716,206,33,51
2708,206,41,53
2716,202,34,69
2716,202,38,73
2708,206,40,81
2716,206,45,83
2724,209,50,92
2708,210,51,98
2724,215,53,99
2716,227,54,100
2716,236,57,85
2736,239,56,96
2720,237,54,93
2712,228,57,84
2728,230,60,79
2720,231,63,73
2712,234,61,70
2724,244,60,65
2724,250,57,66
2712,252,49,66
2716,244,52,69
2728,251,50,65
2708,246,49,60
2724,236,50,53
2708,228,45,51
2716,239,45,45
2724,243,43,37
2712,243,42,25
2716,249,42,13
2668,246,40,5
2672,235,45,1
2692,242,56,-10
2728,226,51,-12
2720,211,49,-8
2732,204,42,-2
2680,193,53,10
2660,184,51,21
2720,178,57,29
2712,165,61,35
2720,153,60,42
2720,148,63,42
2708,150,63,48
2716,148,68,50
2728,140,69,49
2708,151,72,55
2720,153,74,57
2716,165,73,39
2712,177,80,33
2728,192,83,37
2716,210,88,42
2708,234,91,45
2732,256,90,42
2712,270,94,41
2712,282,98,36
2716,291,98,35
2716,302,104,27
2712,315,112,23
2776,321,115,25
2768,333,110,7
2712,332,105,5
2672,324,102,5
2672,322,101,4
2680,313,99,5
2684,313,91,4
2668,301,93,6
2680,295,86,3
2676,288,88,4
2676,295,93,-15
2732,271,68,-16
2720,267,73,-20
2732,231,64,-12
2724,226,62,-21
2716,228,58,-22
2736,223,56,-18
2720,218,51,-19
2724,210,55,-22
2720,212,53,-34
2728,212,50,-37
2720,200,44,-28
2728,195,40,-33
2728,185,27,-26
2716,184,29,-23
2724,189,29,-16
2732,196,35,-7
2716,204,36,-2
2676,217,36,2
2676,222,40,3
2672,229,39,-2
2680,239,40,-7
2724,243,40,-3
2676,226,41,-10
2724,233,47,-8
2720,225,47,8
2668,220,48,9
2668,222,50,16
2712,225,56,24
2732,230,54,33
2712,232,59,43
2712,237,64,49
2724,232,69,59
2720,230,71,56
2712,227,76,61
2724,232,67,68
2720,235,69,61
2716,226,68,63
2724,222,68,59
2712,221,69,58
2720,222,70,51
2724,222,71,51
2708,221,70,49
2716,224,73,42
2724,226,71,44
2712,227,81,48
2716,236,84,43
2728,252,73,39
2712,249,74,43
2724,246,71,38
2712,245,70,36
2712,245,69,35
2728,245,68,34
2720,239,67,38
2712,245,68,42
2728,248,61,42
2720,250,62,36
2712,249,60,41
2724,242,64,34
2720,239,56,32
2716,237,57,34
2716,240,59,29
2720,236,55,28
2712,233,53,31
2716,230,56,36
2712,234,55,38
2716,235,55,35
2720,227,60,41
2716,244,68,38
2716,233,66,47
2716,240,72,39
2712,240,67,38
2720,239,70,37
2728,243,68,35
2708,245,72,27
2720,248,69,22
2720,240,71,20
2712,232,71,27
2732,227,61,22
2716,228,73,29
2712,245,68,32
2728,241,72,26
2720,243,72,21
2716,245,74,23
2716,242,76,18
2716,248,73,21
2712,250,76,19
2724,262,76,17
2724,277,80,19
2712,286,82,19
2724,302,82,15
2668,324,95,6
2660,315,91,9
2664,301,90,5
2680,275,85,7
2672,262,79,5
2672,246,76,-4
2728,240,68,-2
2676,225,68,1
2668,229,64,-2
2676,241,62,-3
2676,240,55,1
2676,250,55,-15
2732,262,55,-9
2728,242,48,-2
2676,238,44,11
2668,232,44,17
2712,227,40,24
2716,224,35,31
2728,222,33,28
2712,228,34,36
2732,226,32,45
2720,229,25,47
2712,236,31,47
2728,249,23,45
2716,239,23,50
2712,231,20,51
2732,229,19,51
2716,226,20,51
2712,223,19,50
2732,224,15,49
2680,216,20,50
2712,221,16,44
2724,229,11,42
2664,230,14,31
2676,228,13,38
2684,224,15,39
2668,228,12,33
2688,226,16,28
2716,227,13,28
2664,224,16,26
2716,222,14,22
2664,222,12,24
2672,222,12,21
2684,224,13,22
2668,222,10,20
2676,220,9,20
2672,218,14,16
2668,215,10,20
2684,236,10,8
2620,220,12,12
2632,225,12,6
2616,218,7,18
2680,213,10,19
2680,212,8,16
2668,211,7,16
2680,207,7,19
2664,207,10,15
2620,209,7,16
2676,205,4,17
2688,203,6,14
2624,206,7,9
2612,204,8,17
2680,214,9,8
2612,216,15,11
2620,223,15,4
2632,219,12,1
2620,234,14,-3
2624,235,22,0
2680,238,18,1
2684,244,20,1
2680,245,22,0
2672,245,23,-1
2672,249,26,-7
2728,246,29,0
2676,252,31,0
2676,252,17,-5
2720,246,25,1
2688,252,33,-9
2720,253,26,-6
2724,241,20,-6
2736,245,20,-8
2724,246,18,-9
2724,241,20,-7
2736,243,20,-7
2724,245,21,-9
2720,251,21,-5
2744,255,16,-5
2728,239,18,6
2660,249,20,-8
2728,252,22,0
2668,247,21,2
2676,252,24,-4
2728,260,26,-9
2728,262,24,-16
2728,267,27,-23
2732,262,24,-26
2720,265,22,-33
2728,255,24,-35
2728,255,29,-39
2724,256,27,-51
2720,263,24,-46
2736,242,18,-46
2724,238,20,-46
2736,231,18,-47
2736,226,19,-44
2720,224,14,-41
2676,226,12,-41
2676,226,12,-38
2676,222,16,-39
2720,224,15,-39
2680,232,14,-36
2676,217,11,-35
2676,230,10,-35
2668,226,14,-36
2688,224,10,-33
2680,228,13,-31
2672,229,15,-31
2680,237,20,-42
2724,238,19,-48
2732,235,9,-50
2676,245,14,-53
2668,228,16,-51
2732,232,18,-57
2724,229,16,-54
2716,225,17,-51
2740,226,7,-49
2676,226,8,-54
2672,229,8,-56
2676,232,8,-60
2668,233,9,-62
2676,231,11,-67
2688,227,11,-64
2668,233,9,-63
2684,233,3,-66
2704,234,6,-66
2672,238,11,-69
2676,229,0,-71
2688,229,-3,-73
2692,230,7,-69
2676,227,3,-70
2692,227,4,-71
2692,230,1,-62
2684,234,0,-63
2700,245,-4,-62
2752,243,3,-56
2684,243,6,-57
2684,234,9,-56
2684,250,6,-68
2668,251,1,-70
2700,253,3,-66
2696,250,-2,-71
2688,242,-1,-65
2692,237,-4,-66
2736,243,-1,-63
2696,248,0,-71
2696,250,-2,-73
2692,245,-5,-78
2752,246,-5,-84
2756,244,-5,-87
2748,242,-7,-92
2748,242,1,-92
2696,250,6,-97
2728,261,6,-89
2676,261,3,-88
2692,258,8,-88
2672,255,11,-91
2692,261,11,-89
2668,259,8,-89
2676,260,8,-89
2680,248,6,-91
2668,246,8,-91
2684,245,6,-81
2676,262,2,-88
2692,258,9,-82
2672,265,13,-81
2672,264,14,-66
2680,261,15,-64
2684,260,17,-62
2720,258,16,-68
2736,248,8,-78
2676,236,7,-84
2668,211,-2,-84
2692,191,-7,-74
2740,191,-8,-68
2748,195,-9,-61
2752,185,-17,-45
2744,191,-8,-50
2740,196,-12,-54
2740,199,-5,-58
2744,196,-6,-60
2744,194,-2,-65
2700,203,2,-80
2696,200,2,-91
2688,201,4,-112
2760,222,16,-129
2780,210,14,-123
2732,222,9,-130
2740,230,9,-137
2732,230,13,-137
2732,228,16,-139
2788,225,22,-134
2784,227,22,-134
2780,219,33,-131
2780,226,36,-126
2788,232,34,-121
2788,248,32,-109
2776,249,34,-103
2780,241,41,-103
2784,238,42,-100
2776,231,43,-96
2776,225,42,-93
2736,203,40,-88
2720,185,28,-94
2776,186,17,-91
2728,182,5,-83
2688,155,-16,-53
2744,141,-15,-29
2752,139,-15,-14
2744,142,-12,4
2692,151,-8,16
2736,154,-5,30
2736,154,3,47
2700,174,12,54
2676,166,16,61
2712,176,24,52
2724,183,17,44
2716,192,24,19
2716,200,30,8
2676,213,34,-2
2676,224,41,-9
2724,232,47,-21
2720,249,50,-29
2740,256,56,-38
2720,262,67,-42
2728,268,61,-44
2732,275,67,-45
2728,278,55,-48
2728,263,53,-27
2716,267,53,-22
2732,267,51,-15
2724,268,52,-20
2716,262,49,-20
2728,256,51,-11
2728,243,36,-2
2672,215,32,27
2716,202,23,55
2716,190,9,75
2660,188,2,96
2692,151,-9,92
2736,136,-23,78
2732,112,-25,71
2744,96,-26,69
2692,96,-20,72
2680,105,-22,81
2684,126,-21,85
2736,152,-14,85
2736,176,-9,89
2744,181,-3,95
2692,202,3,77
2688,243,22,57
2716,245,28,54
2720,247,29,46
2720,251,32,36
2724,254,33,29
2712,251,30,23
2720,251,35,20
2716,249,32,18
2716,253,29,13
2676,242,20,16
2720,253,29,24
2708,251,17,15
2668,250,14,8
2612,240,1,7
2640,229,-8,8
2692,206,-22,26
2732,176,-33,54
2740,151,-43,81
2736,137,-49,105
2732,140,-57,131
2804,137,-59,146
2800,137,-56,157
2788,151,-52,173
2796,158,-46,176
2796,178,-40,171
2800,199,-27,162
2800,217,-19,153
2800,246,-9,137
2800,276,0,127
2752,286,7,122
2724,307,19,108
2784,340,39,67
2716,348,41,64
2712,348,44,57
2716,347,48,49
2720,344,49,51
2712,337,52,50
2720,333,50,59
2712,337,41,64
2720,345,41,80
2716,335,26,77
2712,318,20,82
2716,283,15,76
2676,263,12,74
2672,256,7,69
2680,244,4,73
2692,231,-3,81
2688,226,-11,95
2736,218,-12,113
2796,217,-20,131
2792,209,-22,140
2808,220,-19,141
2804,228,-11,135
2800,224,1,126
2744,230,4,117
2748,235,9,104
2672,250,11,92
2668,255,17,86
2720,266,17,75
2712,281,22,64
2716,283,22,69
2720,306,22,46
2716,285,20,39
2720,278,33,20
2724,283,34,13
2664,282,30,15
2672,273,28,17
2720,270,25,23
2712,260,19,31
2724,251,19,42
2716,250,14,45
2672,239,20,51
2724,234,14,54
2668,228,13,59
2668,224,4,52
2692,211,-2,53
2684,204,-6,52
2732,195,-5,56
2740,195,-5,59
2732,198,-3,68
2696,207,1,75
2688,220,-3,86
2684,231,-13,81
2740,246,-9,71
2728,258,7,61
2672,249,14,50
2680,256,16,35
2720,273,30,25
2728,277,32,15
2664,282,34,11
2668,281,33,8
2664,275,39,5
2672,262,25,3
2684,264,33,1
2684,248,32,5
2668,250,29,5
2692,257,20,1
2676,251,23,7
2660,236,22,17
2716,246,16,15
2660,250,18,21
2724,244,19,27
2724,235,22,26
2712,238,20,31
2724,238,14,33
2676,239,12,34
2664,233,16,27
2724,234,14,21
2672,219,16,25
2720,225,21,19
2720,225,11,21
2672,230,15,17
2668,236,6,9
2632,244,10,0
2624,246,10,-9
2672,242,8,-16
2676,247,7,-21
2684,246,9,-27
2676,251,12,-29
2676,256,24,-42
2720,262,26,-49
2740,250,12,-44
2672,235,7,-47
2676,228,9,-48
2676,215,8,-46
2680,220,13,-51
2676,220,11,-44
2668,219,9,-39
2676,216,8,-36
2672,216,5,-32
2700,211,7,-30
2684,219,13,-37
2668,220,10,-34
2684,215,14,-29
2676,223,9,-31
2672,214,3,-22
2700,223,4,-34
2692,212,11,-21
2680,210,6,-12
2680,214,3,-23
2688,209,6,-23
2676,210,8,-23
2668,212,8,-26
2676,213,10,-23
2676,217,6,-19
2676,222,12,-19
2688,230,4,-27
2692,222,8,-26
2672,227,16,-20
2720,236,8,-29
2672,230,10,-31
2680,227,10,-34
2684,220,5,-41
2692,214,6,-40
2680,211,3,-38
2700,207,5,-43
2688,212,1,-41
2696,208,2,-41
2684,214,-2,-44
2692,207,-6,-45
2752,217,11,-38
2668,213,0,-48
2708,215,8,-63
2672,222,4,-50
2692,231,8,-61
2676,228,8,-62
2668,229,9,-64
2680,229,12,-60
2684,229,11,-61
2668,238,14,-58
2692,233,12,-54
2680,234,19,-49
2720,240,24,-50
2728,231,21,-36
2724,237,19,-31
2720,240,21,-32
2728,234,22,-12
2732,239,26,-12
2732,238,25,-10
2728,239,24,-4
2720,237,24,-3
2676,233,21,2
2676,236,21,-1
2676,226,24,5
2684,237,29,2
2672,227,22,1
2672,228,21,0
2676,231,14,-7
2668,227,17,-3
2680,222,10,-10
2672,222,13,-8
2672,216,13,-7
2680,219,16,-12
2732,219,17,-9
2724,221,8,-9
2672,229,8,-17
2672,220,16,-12
2732,219,8,-11
2680,223,13,-21
2672,226,15,-23
2684,225,13,-26
2680,228,16,-30
2724,226,15,-29
2672,229,14,-31
2672,227,18,-33
2724,229,21,-32
2728,229,22,-33
2720,231,18,-34
2728,224,23,-25
2736,223,21,-22
2720,233,22,-31
2724,227,19,-20
2736,230,24,-24
2720,229,21,-21
2740,228,21,-19
2736,230,19,-13
2720,230,21,-12
2732,225,20,-9
2728,229,22,-16
2720,227,19,-12
2736,226,21,-16
2724,234,25,-11
2724,221,15,-15
2680,222,19,-13
2732,218,19,-14
2720,226,15,-17
2692,217,12,-18
2684,218,16,-18
2720,235,25,-15
2728,226,22,-25
2728,233,14,-23
2672,247,18,-23
2728,228,13,-29
2668,232,27,-33
2728,218,24,-18
2732,225,9,-15
2672,224,16,-11
2732,224,15,-10
2676,220,12,-14
2676,237,17,-15
2720,225,13,-18
2672,224,11,-19
2680,218,14,-17
2672,213,20,-14
2716,208,15,-19
2676,205,18,-26
2728,221,16,-20
2716,225,17,-13
2736,224,13,-17
2676,226,24,-18
2728,231,17,-10
2732,225,11,-20
2676,234,18,-14
2720,243,22,-5
2728,236,21,-15
2724,230,23,-15
2724,229,21,-7
2728,227,19,-9
2720,233,17,-17
2728,225,19,-13
2728,223,19,-17
2724,225,19,-23
2728,216,14,-22
2680,207,14,-10
2676,223,23,-17
2736,210,7,-19
2684,220,14,-7
2672,233,30,-9
2736,223,10,-11
2680,217,12,0
2624,222,10,4
2628,218,7,9
2624,213,9,8
2624,214,11,6
2616,225,11,5
2632,224,15,0
2628,226,15,-3
2628,227,18,-7
2732,227,17,-9
2720,225,19,-14
2728,225,19,-16
2724,235,26,-27
2720,221,21,-25
2736,232,19,-25
2732,229,17,-22
2724,225,15,-24
2680,225,15,-20
2680,225,13,-22
2672,219,9,-18
2680,223,7,-16
2668,224,9,-20
2680,225,9,-14
2688,237,6,-16
2668,239,6,-15
2692,231,9,-24
2672,226,10,-30
2676,229,10,-28
2676,228,11,-32
2668,225,8,-38
2684,226,8,-42
2672,223,13,-45
2668,225,14,-43
2676,226,11,-36
2672,229,9,-37
2684,234,17,-34
2724,231,14,-20
2672,229,8,-21
2676,227,14,-14
2688,236,21,-17
2720,238,10,-10
2680,232,11,-9
2668,228,14,-9
2680,225,12,-6
2680,226,9,-1
2620,223,13,-7
2676,222,10,-7
2676,223,13,-5
2672,225,16,0
2680,213,10,-14
2668,227,10,-9
2672,226,10,-15
2672,222,13,-11
2672,229,16,-10
2732,232,15,-5
2672,235,13,-7
2688,235,16,-6
2736,237,16,-8
2724,245,21,-8
2728,238,14,-23
2680,234,12,-27
2672,230,18,-17
2720,239,20,-13
2740,249,10,-17
2676,234,20,-14
2724,232,7,-13
2664,227,10,-7
2680,216,10,-3
2620,215,2,-7
2688,215,6,-6
2672,212,8,-6
2676,210,7,-4
2680,214,5,-10
2704,207,5,-1
2628,207,10,-1
2624,219,16,8
2664,234,24,28
2720,238,15,6
2628,249,13,-19
2668,216,11,-8
2672,212,13,-7
2668,219,11,-13
2676,223,15,-12
2680,229,17,-4
2720,227,19,2
2692,237,20,-5
2732,238,17,-3
2672,243,16,-3
2676,228,25,-6
2732,234,15,10
2624,227,15,-3
2620,236,22,-2
2672,234,20,-4
2724,237,22,-6
2732,228,20,-2
2668,235,21,-1
2672,239,23,-6
2720,239,22,-4
2736,229,23,-4
2724,227,16,-8
2720,225,17,-1
2680,231,14,-5
2680,215,21,-5
2720,216,16,-4
2736,225,13,-7
2676,219,11,-4
2672,217,12,-3
2624,217,15,1
2624,220,16,3
2692,219,14,3
2628,221,14,4
2616,220,11,4
2628,227,12,2
2624,219,17,-2
2676,214,17,1
2676,227,21,-6
2724,216,15,-8
2676,222,18,-3
2672,221,17,2
2688,224,15,1
2612,227,16,3
2676,229,16,4
2676,229,20,5
2676,228,18,2
2684,235,22,-3
2676,238,19,-4
2724,230,18,-4
2724,232,25,1
2676,240,22,-10
2732,227,15,3
2628,232,20,-4
2716,231,19,-6
2736,230,15,-8
2684,229,14,-4
2672,227,17,-4
2736,232,17,-6
2728,234,21,-8
2720,232,22,-9
2744,237,24,-11
2728,245,18,-3
2664,248,22,-4
2728,242,21,-3
2668,242,18,-10
2728,232,18,-12
2720,234,19,-10
2728,230,18,-8
2724,226,19,-8
2732,229,18,-1
2672,226,15,3
2632,236,18,3
2676,228,18,4
2672,232,15,6
2624,224,18,2
2676,223,13,7
2624,217,15,11
2612,226,17,10
2664,225,15,12
2624,220,17,15
2660,222,17,13
2668,219,9,14
2612,209,10,12
2620,203,15,12
2616,205,17,9
2672,211,10,5
2628,220,17,2
2676,211,11,9
2632,208,12,15
2612,225,19,5
2680,227,16,-2
2676,232,20,-2
2668,230,15,6
2624,226,17,2
2668,229,17,5
2680,229,19,5
2672,230,22,4
2672,233,18,6
2664,237,16,4
2672,235,22,6
2664,236,22,7
2676,239,21,1
2668,239,20,-2
2688,242,28,-2
2672,240,25,-8
2728,242,19,-6
2728,252,17,-13
2724,235,18,-6
2724,234,18,-7
2732,229,18,-4
2728,231,19,-5
2724,231,15,-3
2632,224,14,-3
2616,218,13,4
2636,225,15,3
2620,219,15,10
2616,223,17,2
2676,220,10,6
2608,221,17,11
2668,220,18,11
2660,221,10,10
2632,225,22,11
2664,223,18,7
2668,222,19,7
2672,224,16,9
2660,222,21,12
2672,218,26,18
2720,225,20,10
2664,225,15,14
2628,214,13,12
2616,221,17,14
2676,220,26,14
2668,212,18,26
2716,226,17,14
2672,224,23,14
2656,229,17,10
2668,225,19,3
2676,222,21,6
2660,225,20,7
2672,226,20,6
2664,228,18,5
2680,229,16,3
2672,230,20,7
2668,228,20,8
2660,227,17,1
2672,239,28,4
2680,225,15,6
2640,228,14,6
2612,226,15,0
2632,229,26,-1
2668,226,14,6
2632,229,16,1
2676,220,13,4
2620,224,20,4
2676,227,17,6
2668,229,18,2
2684,228,17,6
2668,228,15,3
2612,226,17,6
2668,235,24,1
2668,228,24,-1
2684,223,25,0
2680,236,23,6
2656,226,20,1
2676,231,19,6
2664,227,23,5
2684,231,26,10
2664,227,20,9
2660,225,19,10
2668,228,19,6
2660,221,21,8
2676,220,22,4
2676,222,20,3
2672,218,17,4
2672,227,23,4
2672,224,17,8
2660,226,16,5
2676,221,25,10
2656,229,22,5
2676,228,24,8
2660,228,24,9
2660,227,21,7
2668,226,21,6
2660,224,21,7
2672,222,20,6
2660,225,23,5
2676,226,21,7
2676,229,23,10
2668,240,19,5
2676,231,23,10
2664,233,23,7
2672,247,21,-1
2680,236,26,1
2676,234,16,4
2676,230,18,3
2680,229,18,7
2664,226,17,7
2672,229,19,6
2656,233,18,7
2668,231,18,12
2664,233,19,11
2660,227,21,8
2668,229,16,13
2660,228,16,10
2676,226,20,7
2660,222,17,5
2672,217,21,18
2716,221,19,10
2668,219,19,11
2672,221,20,14
2668,229,16,9
2660,224,12,8
2628,221,17,9
2664,218,17,11
2668,228,16,10
2668,224,22,10
2660,226,19,11
2672,224,21,15
2664,223,16,20
2716,220,18,23
2720,227,21,17
2716,229,26,11
2668,235,24,15
2664,232,21,12
2656,238,23,11
2668,229,20,9
2664,226,24,7
2664,225,20,5
2676,228,22,8
2656,221,24,12
2672,230,22,5
2664,232,25,0
2680,231,24,5
2672,229,21,3
2676,229,14,2
2624,226,19,10
2660,225,19,7
2668,226,18,7
2664,231,12,6
2620,230,11,6
2624,230,14,7
2612,227,16,7
2672,230,15,1
2620,236,18,-3
2672,238,12,1
2636,234,18,-9
2716,237,10,4
2640,229,11,-6
2672,214,13,3
2632,235,17,-14
2740,230,13,-9
2672,222,13,-6
2680,223,16,-4
2736,230,18,1
2672,233,20,1
2672,237,19,4
2672,235,20,7
2668,230,19,11
2668,231,21,16
2708,236,22,12
2684,221,21,18
2716,232,23,17
2712,224,19,14
2672,228,18,17
2708,223,20,21
2720,219,18,23
2716,225,20,20
2708,222,22,19
2724,227,18,21
2720,227,23,20
2712,230,20,14
2672,236,14,16
2680,233,16,14
2660,221,26,12
2672,229,29,8
2664,232,18,8
2668,222,19,12
2664,223,21,9
2656,220,21,10
2668,218,20,13
2660,222,18,14
2660,222,19,18
2716,231,27,15
2660,228,21,19
2716,234,22,7
2664,237,17,11
2668,223,24,13
2672,221,19,15
2668,222,18,0
2684,228,13,9
2620,231,17,6
2660,234,19,11
2668,232,13,11
2612,232,14,9
2632,227,16,13
2660,227,18,7
2668,244,24,5
2672,227,12,4
2616,224,13,5
2628,231,15,1
2628,221,7,14
2632,225,10,7
2616,231,18,-2
2684,231,18,3
2688,229,20,6
2660,234,25,3
2684,229,24,9
2660,232,26,9
2664,230,25,10
2668,229,20,12
2656,230,24,11
2676,226,27,10
2672,230,24,13
2668,231,30,9
2672,236,36,12
2664,246,26,14
2676,228,27,19
2716,227,23,9
2660,223,26,6
2672,218,21,7
2656,211,25,8
2668,215,23,11
2672,222,27,14
2664,216,26,17
2720,222,30,18
2712,224,28,23
2720,228,25,27
2720,227,28,27
2712,229,27,24
2724,226,25,24
2720,223,19,20
2712,227,21,18
2720,222,23,14
2668,224,22,13
2660,224,18,11
2676,226,24,12
2668,224,22,9
2668,228,23,9
2672,226,23,11
2656,232,23,7
2684,238,27,6
2664,230,17,3
2668,233,17,4
2680,233,18,-3
2668,229,29,-2
2684,238,28,-3
2676,235,25,-4
2724,241,26,-4
2740,242,24,-5
2724,240,24,-6
2720,233,29,-1
2680,224,27,5
2672,232,20,3
2684,219,23,14
2660,221,22,4
2668,214,22,8
2672,221,31,0
2680,227,27,9
2664,226,22,11
2668,226,22,16
2708,226,25,15
2672,223,30,19
2716,221,24,20
2716,224,30,19
2728,218,22,16
2720,226,21,13
2668,231,21,17
2720,238,23,15
2660,229,23,17
2724,223,20,11
2672,225,23,11
2660,226,22,12
2672,228,25,9
2668,226,24,8
2660,230,25,7
2668,235,25,8
2656,238,28,4
2680,243,22,3
2676,240,19,2
2668,240,20,1
2676,242,22,-7
2716,244,26,-14
2736,234,18,-4
2728,236,19,-5
2720,228,22,-7
2736,230,23,-4
2720,230,18,-3
2676,226,19,3
2676,231,20,4
2676,222,15,6
2620,221,18,1
2688,237,20,6
2660,236,21,9
2668,221,19,8
2668,216,20,6
2656,217,25,15
2668,217,22,13
2656,217,21,17
2720,214,26,19
2728,220,26,23
2712,221,25,27
2728,221,21,27
2716,213,19,27
2708,208,18,31
2732,219,19,29
2716,212,23,31
2708,214,25,27
2728,225,24,24
2720,221,26,26
2716,230,29,21
2720,230,26,18
2716,233,30,16
2708,235,30,14
2672,233,22,19
2708,232,28,9
2672,244,27,5
2684,232,33,1
2672,230,22,-3
2676,236,22,-6
2732,229,25,-3
2672,236,21,-3
2676,239,20,-8
2720,231,19,-10
2736,233,22,-6
2728,226,23,-3
2676,240,17,-9
2732,222,24,-9
2720,240,25,-16
2724,233,16,-5
2728,231,15,-15
2684,222,18,7
2664,226,15,3
2628,228,19,2
2672,223,20,5
2672,224,22,5
2684,222,18,7
2656,220,21,11
2676,226,23,13
2660,220,22,20
2716,218,24,19
2716,220,27,12
2660,232,31,16
2712,236,26,12
2668,223,26,18
2708,228,21,19
2732,227,26,18
2716,227,25,15
2660,229,24,14
2672,227,25,13
2656,230,21,11
2676,225,28,9
2660,222,22,12
2664,230,18,10
2668,235,20,8
2656,229,23,11
2668,227,23,8
2664,226,27,3
2668,229,24,6
2672,230,23,8
2660,230,25,6
2668,229,23,7
2668,234,26,3
2672,234,25,2
2672,230,21,6
2660,229,22,7
2668,230,31,6
2680,241,30,11
2660,246,22,1
2684,226,25,4
2676,242,22,1
2672,225,25,1
2680,228,27,-1
2676,230,25,2
2680,227,20,2
2680,219,21,6
2664,226,21,4
2684,226,20,6
2664,218,22,6
2664,224,20,6
2668,224,26,9
2664,228,22,7
2672,226,24,8
2664,229,23,6
2668,221,28,16
2716,224,26,11
2664,225,27,16
2728,219,28,15
2672,223,28,15
2660,220,30,15
2672,217,29,19
2708,223,28,19
2720,219,23,24
2728,231,30,23
2712,230,24,26
2720,236,30,23
2724,228,26,18
2716,224,21,14
2676,234,26,10
2672,227,23,11
2660,225,19,9
2668,227,22,2
2668,232,26,-2
2688,226,22,0
2680,233,22,-7
2724,229,24,3
2680,237,16,-2
2680,222,28,9
2664,236,25,6
2668,236,22,9
2664,242,24,-1
2684,226,21,1
2688,223,21,0
2668,224,24,-8
2720,224,25,-1
2680,227,20,-9
2724,230,22,-8
2728,233,22,-7
2724,232,20,-11
2732,221,22,0
2684,229,26,0
2676,235,34,4
2684,235,21,2
2684,232,23,5
2672,227,29,6
2668,234,25,7
2664,220,16,10
2672,226,18,17
2712,224,18,17
2716,231,21,21
2728,223,19,22
2720,230,14,18
2664,216,14,29
2672,216,19,26
2708,215,17,20
2720,221,13,17
2672,226,14,18
2664,225,12,17
2672,227,13,14
2612,226,14,18
2668,222,15,17
2680,228,17,11
2660,233,13,9
2636,234,16,7
2664,228,18,8
2668,222,12,7
2632,235,20,8
2660,230,23,4
2684,239,19,0
2668,226,19,7
2668,232,20,4
2688,232,20,6
2668,232,18,8
2676,234,19,6
2664,227,19,10
2660,227,20,10
2672,233,17,7
2660,228,16,11
2676,225,22,6
2668,220,16,14
2664,229,20,11
2672,224,10,16
2664,221,21,14
2676,228,17,17
2716,223,17,14
2660,223,16,14
2668,219,17,14
2656,221,17,14
2676,216,19,12
2668,224,19,11
2656,224,17,10
2668,229,17,11
2656,226,17,10
2668,227,20,15
2664,228,23,7
2656,227,24,6
2668,233,21,8
2656,234,21,6
2668,230,24,-1
2672,226,22,7
2668,225,18,8
2672,227,20,8
2660,226,22,7
2668,228,20,9
2664,229,18,8
2656,229,18,9
2668,240,15,9
2612,232,19,8
2668,230,24,6
2664,222,18,7
2656,224,20,12
2672,222,18,10
2660,225,15,7
2624,232,21,6
2668,224,19,7
2660,229,21,9
2668,227,20,10
2664,229,20,13
2672,232,21,13
2664,238,22,11
2664,235,18,18
2716,246,16,12
2660,237,20,7
2660,230,14,10
2624,226,19,9
2660,237,20,9
2668,230,21,5
2672,222,22,13
2660,227,18,12
2668,226,18,13
2660,225,18,14
2672,222,18,17
2716,225,20,14
2672,224,19,14
2680,234,20,13
2668,222,18,19
2732,223,20,22
2728,230,21,17
2708,226,19,22
2724,219,15,20
2672,221,13,19
2672,216,14,23
2672,220,15,22
2668,221,11,23
2676,221,14,21
2672,218,11,21
2664,219,12,20
2676,219,11,19
2664,223,15,13
2628,210,10,16
2668,220,14,14
2616,222,20,10
2668,219,19,12
2660,225,18,18
2728,237,21,9
2660,233,21,9
2660,233,20,13
2680,232,22,8
2660,235,21,6
2668,234,23,5
2676,233,20,8
2660,233,18,8
2672,233,17,9
2660,233,22,10
2664,242,23,6
2668,240,16,6
2664,242,14,11
2620,239,17,3
2672,237,18,2
2680,234,20,6
2668,231,16,7
2668,232,14,8
2628,228,16,9
2664,226,19,6
2672,225,16,7
2660,232,17,7
2656,220,17,9
2672,226,22,9
2664,221,20,9
2672,223,23,6
2668,225,21,9
2660,225,20,20
2720,221,18,16
2716,224,20,12
2668,222,22,11
2672,217,22,9
2660,217,22,10
2676,218,18,19
2720,226,22,21
2712,229,21,15
2672,229,27,19
2708,227,26,13
2668,216,22,21
2720,223,26,26
2708,226,26,21
2724,223,27,23
2720,225,28,18
2712,225,26,21
2724,224,26,23
2724,223,25,26
2716,225,26,24
2728,226,30,22
2720,231,29,18
2712,231,22,17
2724,229,26,14
2672,244,22,10
2660,236,19,10
2660,230,18,11
2656,230,16,8
2676,228,18,7
2664,229,16,6
2656,230,17,6
2668,230,17,7
2664,238,15,3
2640,231,16,6
2664,237,14,0
2620,234,16,8
2672,219,20,16
2712,233,19,13
2680,232,13,12
2632,220,18,13
2656,223,19,15
2668,229,19,12
2660,225,19,14
2676,226,22,16
2720,224,18,21
2712,222,22,19
2716,229,21,17
2716,226,19,16
2712,230,29,20
2724,219,20,17
2716,227,16,19
2720,216,23,23
2716,214,22,23
2712,221,22,21
2720,218,23,28
2716,222,22,29
2716,218,20,35
2716,221,21,35
2720,210,21,38
2716,219,20,39
2720,208,15,39
2676,222,22,40
2712,226,21,26
2724,222,20,23
2724,222,21,19
2712,218,22,20
2736,222,23,19
2720,227,24,18
2712,222,23,21
2720,228,21,19
2716,224,26,22
2712,230,26,17
2724,236,38,9
2668,234,31,-1
2676,237,28,1
2680,240,30,3
2672,242,27,-3
2684,238,25,2
2680,239,28,-4
2716,236,26,-6
2728,238,28,-6
2732,241,21,-7
2716,234,27,0
2680,238,28,0
2668,242,22,-4
2724,240,23,0
2688,240,24,-6
2720,236,21,-1
2680,233,21,1
2676,234,22,2
2676,231,20,1
2676,232,23,3
2668,233,21,6
2672,230,20,7
2672,231,20,10
2664,226,26,4
2680,232,26,3
2672,229,24,11
2676,227,25,15
2680,223,28,24
2712,227,28,21
2728,228,30,23
2720,224,28,23
2716,228,22,22
2728,221,23,23
2716,227,23,21
2708,216,26,24
2724,217,38,25
2716,218,29,21
2708,219,26,25
2720,222,22,29
2720,223,23,28
2716,223,21,29
2724,223,22,28
2708,227,20,27
2720,217,18,28
2716,223,19,30
2712,224,17,31
2720,216,26,32
2716,220,20,38
2716,216,23,37
2716,215,19,30
2728,218,19,27
2712,217,20,23
2724,221,20,22
2716,224,18,20
2716,223,19,20
2736,219,20,19
2720,230,20,17
2712,213,20,18
2728,226,21,10
2664,234,18,10
2656,242,19,7
2668,239,23,4
2668,239,26,5
2684,237,24,6
2664,239,24,4
2672,243,26,0
2676,239,25,2
2668,242,24,3
2676,238,26,2
2676,240,25,1
2672,236,16,0
2680,236,15,8
2620,235,19,13
2660,236,20,5
2676,243,18,8
2660,237,25,-3
2672,233,22,5
2676,234,22,2
2676,234,19,5
2680,227,18,6
2664,223,20,6
2676,231,19,4
2668,234,28,10
2664,234,20,13
2668,234,17,11
2664,231,22,10
2676,220,15,11
2620,223,26,11
2664,223,20,8
2668,216,26,6
2660,214,28,12
2676,219,27,14
2660,220,29,14
2660,226,28,16
2720,228,35,16
2712,226,35,13
2668,229,30,14
2668,227,33,17
2712,228,31,21
2720,240,28,13
2660,238,30,24
2716,234,35,17
2720,233,37,11
2656,229,34,13
2664,234,35,11
2672,229,33,14
2660,225,35,14
2672,222,32,17
2712,222,33,14
2672,233,27,11
2672,223,38,11
2660,232,31,16
2724,223,34,21
2720,237,29,19
2712,223,28,15
2668,220,26,15
2656,226,29,9
2664,227,23,9
2676,225,22,7
2664,224,21,8
2672,225,22,10
2656,222,24,10
2672,223,24,10
2672,223,26,13
2660,234,24,4
2688,231,34,19
2724,225,16,5
2672,227,25,3
2676,228,25,12
2664,224,26,12
2668,226,25,9
2660,230,28,11
2656,230,25,13
2668,228,21,12
2656,227,24,13
2668,227,20,11
2664,226,25,14
2656,230,21,14
2668,233,16,12
2656,232,19,13
2668,224,21,12
2664,234,24,13
2656,233,20,11
2668,225,23,14
2660,225,26,16
2720,226,25,17
2724,228,28,18
2716,221,30,16
2728,237,32,11
2668,228,28,14
2664,222,29,19
2724,227,34,21
2720,220,37,19
2712,224,36,16
2716,222,24,20
2708,222,32,19
2720,218,32,21
2716,221,33,22
2712,226,33,18
2720,222,34,18
2716,225,29,20
2720,227,27,16
2720,225,32,14
2680,232,27,13
2660,233,32,9
2672,233,36,18
2724,233,34,7
2660,229,33,11
2672,230,32,10
2660,229,32,6
2668,230,28,6
2664,231,26,10
2660,224,24,8
2668,230,20,4
2668,235,21,4
2688,226,23,4
2672,228,27,3
2676,232,30,-1
2672,240,23,-4
2720,233,25,1
2680,228,24,5
2676,230,25,3
2672,232,26,4
2692,233,29,3
2680,228,23,5
2668,229,27,7
2660,227,26,11
2668,227,22,6
2672,233,22,6
2660,227,22,9
2668,238,30,2
2672,219,27,16
2720,227,26,8
2668,224,32,17
2728,222,31,15
2668,227,34,14
2680,220,34,15
2672,226,35,12
2656,224,35,14
2668,225,38,14
2660,228,37,15
2680,230,41,14
2664,228,30,17
2712,237,33,12
2676,220,40,21
2712,223,37,20
2712,223,35,22
2716,221,34,21
2712,222,32,23
2720,224,29,22
2732,219,28,21
2712,220,28,19
2724,223,32,18
2720,226,29,15
2656,225,34,12
2676,227,32,15
2660,234,24,9
2668,241,30,3
2680,235,26,4
2672,230,33,5
2692,233,26,4
2680,231,27,4
2676,240,24,5
2672,239,26,5
2676,238,21,5
2676,233,19,8
2668,239,20,5
2672,224,26,10
2668,231,16,7
2656,224,18,6
2672,221,19,7
2664,224,19,10
2656,229,26,5
2676,227,23,7
2664,229,20,7
2676,226,22,10
2676,224,24,8
2660,232,25,10
2676,229,31,9
2664,228,27,11
2660,223,27,15
2668,230,31,11
2668,225,27,24
2728,226,28,14
2668,226,27,22
2712,225,29,20
2716,223,28,19
2720,217,29,21
2712,217,28,24
2720,216,25,20
2716,216,28,22
2720,219,27,25
2720,217,38,28
2708,215,31,30
2720,228,36,22
2720,223,37,22
2720,216,30,34
2716,229,33,14
2672,229,32,15
2656,228,27,12
2668,231,30,12
2656,230,32,11
2668,230,32,9
2676,228,32,8
2660,235,33,9
2676,231,28,9
2664,231,19,7
2660,238,18,3
2676,233,24,7
2664,228,25,12
2676,234,24,6
2664,231,23,7
2664,230,17,6
2672,228,21,6
2660,229,26,5
2688,229,22,6
2668,228,25,6
2664,240,25,5
2684,237,22,10
2664,226,24,22
2724,226,27,16
2720,225,26,13
2656,222,21,16
2724,229,19,17
2720,229,19,15
2656,223,25,15
2668,228,21,18
2708,226,24,19
2720,222,25,22
2716,222,22,14
2660,221,26,12
2672,231,23,16
2720,224,27,26
2708,221,29,24
2724,228,27,25
2720,236,25,17
2712,235,32,13
2676,232,31,14
2660,229,30,13
2668,228,30,13
2664,229,29,12
2656,224,29,15
2668,225,28,12
2656,227,30,16
2720,219,27,13
2672,229,31,13
2660,228,24,12
2680,233,22,12
2660,218,28,20
2716,225,29,12
2664,226,26,16
2712,226,24,14
2668,223,25,17
2720,227,27,12
2668,230,26,16
2724,225,27,17
2716,225,28,18
2712,229,25,19
2720,231,27,12
2660,229,35,23
2720,232,33,15
2664,232,27,8
2656,231,27,12
2684,232,26,8
2672,231,24,11
2660,229,27,12
2672,227,28,14
2660,231,26,11
2672,235,26,13
2668,226,23,6
2660,237,23,13
2672,228,22,9
2664,221,24,16
2724,224,27,14
2668,226,20,19
2712,220,26,15
2676,224,24,17
2716,222,22,16
2712,227,24,14
2664,226,24,15
2656,221,27,18
2720,229,27,14
2680,226,31,13
2668,233,27,16
2728,235,23,12
2676,233,25,14
2660,230,26,12
2668,222,29,15
2664,227,25,15
2672,225,27,17
2720,226,26,14
2664,226,27,18
2720,228,29,18
2716,226,28,22
2720,220,28,20
2724,225,23,22
2716,223,28,15
2668,224,27,21
2720,232,24,11
2660,226,29,16
2724,232,30,10
2668,232,29,9
2660,227,29,10
2672,230,28,13
2660,235,31,13
2668,234,29,10
2664,235,30,16
2708,233,34,13
2672,228,27,12
2668,233,25,11
2672,226,18,12
2672,229,34,10
2664,232,26,9
2676,230,23,8
2664,223,24,9
2668,224,24,10
2672,229,23,11
2656,227,23,11
2676,229,22,7
2676,227,24,9
2656,224,22,10
2668,224,22,14
2660,223,23,16
2728,230,17,13
2668,228,24,15
2656,224,24,18
2712,234,26,9
2660,227,23,14
2668,220,25,16
2716,226,25,14
2668,224,27,15
2672,226,27,13
2672,228,29,14
2660,224,28,14
2668,227,31,14
2656,226,26,16
2728,235,23,16
2720,230,31,15
2660,231,26,13
2668,229,27,13
2660,223,32,21
2720,235,27,15
2668,226,29,17
2708,225,28,19
2724,227,30,15
2672,223,29,14
2660,220,30,14
2672,226,29,12
2660,222,30,13
2668,233,30,9
2664,221,33,16
2712,229,30,14
2676,232,25,9
2660,229,35,7
2664,229,29,8
2676,229,28,7
2660,225,27,10
2676,226,27,8
2656,230,31,9
2672,229,28,9
2668,230,30,11
2656,227,27,13
2676,223,29,17
2716,228,28,9
2660,225,29,19
2720,219,28,21
2712,229,29,13
2668,225,32,12
2676,229,28,13
2668,219,28,13
2676,225,28,15
2664,227,30,17
2716,232,30,18
2716,228,27,19
2708,217,24,15
2668,219,27,14
2676,230,26,12
2660,229,31,8
2676,225,38,14
2660,222,30,19
2720,224,30,14
2668,226,30,15
2660,227,26,15
2676,226,25,16
2720,226,24,19
2708,229,27,20
2724,226,23,24
2720,222,21,22
2712,222,26,24
2720,217,18,25
2708,233,23,20
2720,225,22,25
2724,223,23,15
2668,221,26,16
2720,224,26,16
2720,228,26,14
2668,228,24,19
2724,226,25,17
2720,227,27,13
2660,230,30,10
2668,226,25,16
2712,226,31,19
2720,235,28,5
2676,230,26,17
2716,227,29,14
2660,227,29,15
2668,228,28,14
2664,228,32,14
2672,226,32,14
2664,229,32,16
2724,233,33,12
2664,222,31,17
2712,220,31,23
2724,222,30,18
2720,227,31,26
2712,223,30,13
2672,228,27,10
2668,226,31,14
2660,223,30,18
2720,224,29,19
2712,238,34,12
2668,219,30,14
2668,225,29,14
2664,231,32,9
2672,231,30,6
2664,229,36,6
2664,231,36,4
2684,218,25,11
2664,232,29,13
2676,229,32,9
2660,226,27,7
2668,227,32,8
2672,227,29,10
2656,228,29,7
2676,228,30,10
2664,227,30,10
2668,226,29,13
2672,223,28,9
2660,225,32,11
2672,242,32,5
2680,228,33,10
2656,230,29,10
2668,227,29,11
2660,219,34,10
2676,231,29,8
2672,228,29,9
2660,229,32,8
2668,225,32,10
2656,227,32,13
2672,227,34,14
2668,229,32,11
2656,234,30,8
2668,233,27,13
2668,233,35,14
2672,232,26,10
2672,234,26,12
2660,231,28,11
2672,234,28,17
2712,232,32,17
2716,226,30,18
2716,229,30,18
2716,229,32,17
2720,232,32,19
2728,239,29,15
2660,231,32,11
2672,230,27,12
2668,233,30,9
2664,218,32,15
2668,225,27,10
2660,225,25,9
2684,231,26,10
2664,222,25,16
2716,225,26,15
2672,224,25,16
2708,226,28,16
2716,225,25,15
2664,229,24,12
2656,220,26,17
2724,226,29,14
2664,222,29,18
2712,226,28,12
2672,231,30,10
2668,225,22,11
2664,222,32,10
2668,223,28,19
2712,227,25,16
2720,226,30,16
2720,227,26,18
2712,232,26,17
2716,226,26,19
2724,224,29,21
2716,220,29,20
2716,239,24,14
2664,225,26,18
2720,231,26,13
2668,228,29,13
2656,224,26,18
2728,226,28,16
2720,226,29,12
2664,231,27,13
2672,230,29,12
2664,230,29,8
2660,229,27,8
2668,227,29,11
2664,221,31,9
2668,227,39,14
2660,238,30,12
2668,238,27,12
2668,222,34,13
2664,225,30,12
2668,223,30,12
2660,225,29,10
2664,227,29,9
2672,227,27,12
2656,223,32,11
2668,226,34,10
2660,223,33,11
2668,227,31,10
2676,227,28,13
2668,228,34,9
2672,224,34,15
2656,229,36,13
2668,228,26,9
2672,228,28,13
2660,231,32,9
2676,227,29,11
2664,225,28,12
2664,228,29,12
2672,227,30,13
2660,227,30,12
2680,228,27,16
2712,227,27,14
2668,229,31,15
2672,234,37,9
2656,230,22,11
2668,229,29,11
2668,226,28,13
2656,228,24,12
2672,228,31,12
2660,230,26,13
2664,230,23,9
2668,224,26,10
2660,226,31,12
2672,224,29,14
2660,229,26,16
2720,227,27,13
2676,226,24,15
2660,225,22,20
2716,233,28,10
2672,243,30,14
2664,230,25,15
2668,233,23,19
2708,230,23,18
2724,231,22,17
2716,229,24,12
2660,231,25,11
2684,228,21,15
2668,225,21,10
2664,228,24,12
2672,222,25,18
2708,228,22,17
2724,218,26,21
2720,230,26,20
2712,225,25,18
2724,222,25,22
2724,225,24,19
2716,228,23,19
2728,225,25,14
2668,231,25,10
2664,229,26,15
2676,230,25,13
2664,222,28,14
2668,227,32,12
2664,227,26,13
2656,229,24,12
2668,224,24,16
2708,223,21,15
2664,226,23,12
2668,228,23,12
2660,228,24,17
2720,231,25,16
2720,231,23,17
2712,225,24,16
2720,233,22,12
2660,223,27,14
2668,238,20,11
2676,224,27,7
2660,228,24,5
2684,228,25,7
2656,232,31,4
2680,230,30,6
2660,229,30,7
2660,226,28,8
2672,224,28,8
2656,228,29,6
2672,226,31,9
2672,229,31,8
2660,228,27,6
2676,225,27,12
2680,227,32,13
2668,225,34,13
2672,231,30,10
2664,234,25,13
2668,228,30,13
2664,234,29,11
2660,230,30,15
2668,227,32,13
2656,226,29,15
2668,230,31,14
2668,230,32,11
2668,230,32,9
2672,234,32,9
2668,225,26,12
2680,227,33,9
2668,221,24,11
2656,222,27,14
2668,220,29,19
2712,228,29,16
2720,227,27,17
2716,227,28,16
2712,224,29,17
2720,221,31,14
2664,219,25,17
2712,220,27,16
2736,227,20,23
2716,236,25,10
2656,235,24,10
2668,236,24,13
2660,232,26,17
2716,232,23,13
2680,226,27,13
2656,232,28,13
2676,228,28,9
2660,234,29,8
2668,228,28,9
2672,229,28,11
2656,235,24,12
2676,229,25,13
2664,238,27,9
2668,233,22,11
2668,238,23,15
2668,229,25,10
2676,228,30,15
2668,221,23,14
2660,229,24,10
2672,223,22,14
2660,224,23,15
2672,226,26,15
2664,227,26,14
2660,225,26,16
2724,224,28,15
2660,228,36,14
2668,231,31,13
2668,224,34,15
2660,234,29,18
2720,223,23,16
2720,222,29,20
2716,224,32,14
2668,224,32,15
2660,223,31,16
2720,225,34,17
2720,227,29,20
2712,225,27,21
2732,222,32,20
2716,223,33,18
2708,221,28,23
2732,221,24,18
2712,228,32,12
2668,228,28,13
2668,234,30,10
2656,228,28,11
2668,229,31,8
2664,226,30,9
2656,224,31,8
2668,225,31,10
2660,223,28,7
2668,232,30,6
2664,223,27,9
2664,233,32,5
2684,238,34,-6
2720,227,18,9
2676,224,34,12
2668,230,33,7
2660,227,25,8
2676,228,27,7
2672,228,30,6
2656,231,25,7
2668,225,26,9
2656,226,25,10
2676,230,25,7
2672,225,26,17
2712,229,28,12
2672,221,30,12
2656,222,26,14
2672,223,19,11
2664,222,21,14
2656,222,23,19
2720,227,26,19
2720,225,28,16
2720,228,29,16
2716,224,27,19
2712,222,30,17
2720,217,28,18
2720,231,27,18
2716,224,32,17
2716,230,29,12
2664,228,27,20
2708,224,30,14
2680,228,27,10
2660,229,28,10
2660,227,29,12
2668,226,29,11
2656,227,28,11
2668,227,30,14
2668,234,28,8
2660,234,24,11
2672,232,27,12
2664,241,32,7
2672,225,23,15
2668,228,29,8
2660,228,25,7
2672,216,31,15
2660,229,27,12
2672,229,25,13
2664,229,24,16
2712,231,27,11
2672,229,26,8
2664,224,27,14
2664,222,27,13
2676,228,29,19
2708,221,26,20
2732,232,21,16
2716,228,25,17
2708,218,31,19
2732,222,27,20
2716,226,27,15
2664,225,26,13
2672,231,25,16
2712,226,26,17
2716,232,25,20
2716,230,25,16
2712,226,27,13
2668,221,22,13
2668,237,31,9
2660,231,27,13
2660,220,22,16
2716,230,13,16
2676,229,18,13
2676,230,21,10
2660,227,22,8
2680,228,24,10
2660,231,23,10
2660,230,26,10
2672,231,27,15
2660,232,27,9
2680,235,29,13
2664,234,28,7
2668,231,29,14
2672,222,26,14
2660,229,30,19
2728,230,28,13
2668,227,31,13
2656,226,29,14
2672,230,28,13
2660,227,28,14
2664,226,26,15
2668,229,28,14
2660,226,29,11
2672,230,26,15
2668,222,30,18
2720,229,29,15
2676,231,24,13
2660,230,26,15
2676,229,23,9
2664,224,27,11
2664,230,24,12
2668,230,25,13
2660,229,26,13
2676,228,28,12
2664,229,23,16
2716,225,24,15
2668,225,29,12
2664,221,28,13
2676,236,28,8
2668,225,24,9
2668,222,26,13
2672,225,31,12
2660,232,24,11
2668,231,28,12
2664,230,28,8
2656,233,27,11
2668,232,27,9
2660,229,28,9
2668,229,27,10
2664,225,26,12
2656,226,33,11
2668,226,32,9
2660,238,32,11
2664,232,28,12
2672,234,33,18
2716,221,25,17
2716,225,27,13
2668,223,24,17
2716,226,26,16
2716,226,27,16
2712,226,28,13
2660,225,30,18
2728,225,27,17
2712,225,27,19
2724,222,28,22
2720,230,18,15
2660,226,31,16
2728,237,24,11
2676,240,20,12
2660,234,24,12
2668,233,23,12
2660,226,24,9
2680,225,21,11
2660,227,24,10
2660,236,24,12
2668,226,24,11
2664,226,26,16
2728,229,27,13
2672,229,24,15
2660,223,24,22
2720,222,22,17
2724,224,27,15
2664,226,23,16
2720,227,25,19
2716,224,23,19
2716,225,27,17
2716,231,30,16
2712,230,25,13
2668,223,27,14
2668,228,30,15
2660,225,29,14
2660,226,20,16
2708,228,27,8
2676,230,29,14
2664,227,25,16
2716,223,25,13
2680,223,26,14
2672,222,24,15
2660,224,28,15
2668,226,28,15
2660,223,29,15
2672,229,33,10
2668,231,27,12
2660,238,23,11
2668,236,26,10
2660,232,22,12
2672,234,28,10
2668,225,28,9
2660,228,34,8
2672,229,32,3
2664,228,30,7
2672,229,29,9
2668,231,29,10
2660,233,27,10
2672,231,27,13
2660,230,28,12
2668,234,27,11
2664,230,32,10
2656,230,29,6
2668,231,33,9
2664,223,28,11
2664,229,32,9
2668,226,31,14
2668,223,29,17
2716,222,30,13
2660,224,29,12
2668,225,29,11
2672,225,29,14
2660,222,29,14
2676,230,32,10
2664,227,36,14
2668,226,39,13
2660,229,36,16
2712,230,42,14
2680,224,33,16
2716,217,31,14
2664,230,29,9
2672,228,29,10
2668,225,28,11
2668,225,28,13
2664,228,26,11
2664,227,27,10
2668,230,26,13
2668,229,29,14
2660,239,26,12
2668,240,24,9
2660,236,23,9
2664,229,28,12
2656,232,20,9
2668,239,24,9
2660,229,28,15
2664,230,26,6
2668,228,23,12
2656,226,25,15
2668,228,25,13
2668,229,23,14
2660,231,24,17
2716,228,26,20
2720,223,23,22
2712,223,24,17
2724,216,26,18
