0,7,223,30
2733,8,222,34
2677,11,221,35
2661,9,224,34
2673,4,228,34
2669,4,226,32
2661,8,222,28
2677,11,221,33
2665,15,216,30
2717,10,216,32
2669,9,222,32
2665,6,222,33
2673,8,217,29
2669,10,224,30
2665,10,224,34
2673,7,224,32
2665,10,219,30
2669,5,226,32
2669,6,225,34
2661,3,226,33
2661,11,221,30
2657,9,228,30
2669,6,220,32
2665,1,222,28
2673,3,229,28
2661,4,221,32
2657,6,221,29
2669,8,218,30
2669,4,220,32
2665,7,224,32
2669,5,221,33
2661,5,223,33
2669,4,222,37
2673,4,224,32
2661,3,220,33
2661,7,227,32
2665,7,227,27
2665,8,219,26
2673,6,230,31
2661,6,219,34
2669,9,222,32
2661,8,224,32
2669,10,223,31
2673,12,223,31
2713,11,215,30
2677,10,223,32
2657,11,215,34
2669,6,223,30
2661,13,215,27
2713,10,227,39
2677,10,227,30
2661,17,217,34
2713,12,221,32
2717,11,222,32
2665,10,223,34
2673,7,226,32
2673,8,221,34
2669,11,224,32
2677,6,229,33
2661,7,225,28
2669,8,222,29
2673,6,230,29
2665,8,222,35
2677,12,216,39
2725,8,229,30
2665,7,221,31
2673,14,217,29
2709,15,221,26
2721,12,223,28
2717,11,220,31
2661,10,224,29
2681,11,219,30
2661,10,220,33
2661,7,231,34
2669,10,221,31
2661,10,221,39
2673,8,226,35
2661,7,226,33
2665,8,225,36
2665,8,222,33
2665,10,223,32
2669,7,222,30
2669,9,220,33
2665,8,220,31
2665,8,223,30
2657,6,220,32
2681,7,225,32
2661,7,219,32
2657,10,223,25
2669,17,219,33
2709,15,218,29
2717,13,218,30
2717,5,230,33
2661,9,220,32
2677,7,223,34
2665,10,224,32
2661,9,221,35
2665,8,223,33
2657,10,223,31
2677,13,217,30
2717,10,218,36
2661,14,216,35
2717,5,230,33
2665,10,220,26
2669,14,223,30
2729,12,216,36
2713,9,227,31
2673,9,221,33
2669,11,221,32
2661,11,219,31
2665,11,223,32
2657,7,223,31
2669,9,219,33
2669,6,225,31
2661,7,228,32
2669,7,226,39
2657,6,223,28
2669,2,222,38
2669,13,230,29
2709,7,220,32
2673,12,220,31
2709,6,222,32
2673,9,223,31
2665,6,222,31
2661,5,223,28
2677,6,228,26
2661,7,225,28
2661,7,225,28
2673,7,220,31
2661,0,229,36
2689,3,231,33
2669,3,227,27
2661,5,226,29
2673,4,221,33
2665,-1,223,34
2689,2,222,31
2665,1,229,32
2669,2,229,29
2673,8,222,30
2657,4,227,33
2673,1,229,29
2681,3,227,28
2661,3,227,29
2669,1,229,31
2665,-3,231,35
2681,6,213,32
2669,8,227,36
2661,7,217,28
2661,7,228,30
2665,7,223,31
2669,7,221,29
2661,7,225,30
2657,10,221,30
2669,10,220,30
2665,7,227,32
2665,8,221,29
2669,13,226,32
2713,13,224,29
2725,14,224,32
2725,11,226,28
2661,9,219,34
2669,11,224,30
2657,12,219,34
2721,12,219,34
2725,16,219,32
2709,19,220,33
2725,17,218,35
2717,14,220,35
2717,15,218,37
2729,9,217,30
2669,8,223,40
2657,8,232,33
2669,5,219,32
2661,2,224,33
2669,3,227,32
2669,4,223,32
2661,3,223,33
2669,4,226,32
2661,1,228,32
2677,0,226,30
2681,6,223,31
2669,2,228,26
2673,6,224,26
2661,4,224,32
2673,-4,217,27
2685,2,229,29
2665,0,222,21
2685,4,218,30
2661,8,223,25
2665,4,222,27
2669,5,224,29
2665,4,227,31
2677,3,221,28
2661,7,228,29
2665,6,226,27
2669,9,224,31
2657,11,221,25
2677,12,224,22
2721,6,226,23
2657,6,220,30
2681,8,220,32
2661,10,218,23
2673,4,219,26
2669,5,221,25
2661,4,218,27
2673,6,224,28
2669,6,224,29
2669,7,222,30
2665,4,229,29
2657,6,225,28
2669,7,226,29
2661,6,224,26
2661,6,221,29
2669,7,217,32
2661,7,216,33
2673,1,232,36
2669,-3,232,34
2681,2,224,36
2669,5,219,36
2669,12,219,33
2717,13,222,31
2721,12,222,32
2713,18,214,28
2717,14,223,34
2709,10,216,37
2669,14,221,40
2717,17,210,33
2713,10,220,33
2661,1,223,35
2681,0,230,38
2673,-1,230,40
2673,2,229,38
2669,4,227,37
2661,7,233,33
2669,6,229,32
2661,7,230,31
2661,13,216,33
2713,8,219,31
2669,9,222,27
2673,7,219,40
2661,16,220,33
2729,11,216,29
2673,10,217,31
2661,10,218,33
2669,8,220,34
2657,12,217,31
2725,10,220,34
2673,8,222,34
2669,6,226,31
2669,5,226,33
2661,6,222,34
2669,9,223,28
2673,7,214,28
2661,15,215,30
2725,6,225,24
2665,8,217,31
2669,10,219,30
2673,11,217,32
2661,8,223,31
2685,10,225,32
2661,10,223,32
2669,8,224,31
2665,13,220,34
2713,18,222,32
2721,16,215,35
2717,12,218,32
2713,8,219,39
2677,14,218,36
2721,10,217,35
2661,7,219,34
2669,5,219,33
2661,6,224,34
2673,4,219,33
2673,6,216,33
2657,3,225,37
2669,1,223,34
2669,4,223,33
2665,8,222,35
2673,0,230,42
2677,-6,239,33
2673,1,227,35
2673,-4,235,31
2677,-3,225,37
2689,1,227,32
2673,-2,226,33
2689,1,225,28
2685,3,228,28
2661,2,230,27
2673,2,229,30
2665,4,224,32
2673,6,223,31
2665,6,225,28
2661,6,221,33
2669,13,216,36
2717,4,228,24
2669,7,219,26
2661,6,223,30
2657,7,221,30
2669,5,223,30
2661,8,221,31
2669,0,228,33
2677,3,228,33
2665,1,225,30
2677,1,227,32
2677,0,235,28
2673,-2,230,32
2685,-2,229,31
2673,4,227,28
2677,8,222,30
2665,2,228,28
2669,2,222,33
2673,1,223,32
2677,6,226,28
2677,6,221,28
2673,7,223,30
2665,6,222,29
2665,5,223,27
2657,6,221,26
2669,7,221,31
2669,9,220,36
2661,8,226,27
2669,9,224,31
2661,4,226,26
2673,7,232,28
2661,7,233,28
2665,5,231,30
2665,3,228,31
2665,1,230,31
2681,3,226,28
2673,1,223,28
2669,3,216,27
2665,4,224,24
2661,4,219,26
2669,8,217,18
2669,7,221,26
2665,1,227,35
2677,0,232,25
2673,4,227,27
2669,10,222,26
2669,5,229,27
2661,7,227,26
2673,6,223,24
2661,12,218,23
2721,8,223,28
2665,13,217,28
2717,14,225,22
2725,16,219,29
2721,5,216,28
2657,8,221,24
2669,11,216,21
2665,20,204,30
2717,17,218,27
2725,17,218,28
2717,14,215,31
2713,10,216,30
2677,9,212,28
2661,11,209,28
2677,2,220,32
2661,4,225,32
2665,11,221,34
2669,6,227,35
2657,11,222,31
2673,10,224,25
2661,17,219,29
2721,10,226,34
2669,9,224,30
2661,9,220,29
2673,8,218,28
2673,5,223,30
2661,5,225,28
2673,6,229,28
2661,7,226,24
2677,9,218,29
2665,1,228,36
2669,7,228,36
2661,7,229,34
2669,3,213,32
2669,-4,228,30
2681,-1,226,33
2681,1,226,31
2677,2,224,32
2661,2,224,30
2673,1,224,28
2685,2,219,32
2661,7,217,31
2673,4,220,31
2661,7,226,32
2669,5,227,30
2665,9,214,31
2657,7,219,32
2673,7,230,41
2665,8,220,34
2661,7,220,40
2669,5,218,37
2661,4,221,39
2677,3,225,35
2661,3,223,39
2669,4,218,38
2669,3,214,32
2661,2,225,36
2673,9,214,37
2665,1,219,41
2677,-1,223,40
2677,5,221,35
2665,-4,225,23
2681,3,221,32
2673,-1,225,29
2669,-3,229,31
2681,-3,225,30
2673,-5,228,28
2677,-3,227,31
2677,-7,227,34
2677,-2,224,28
2673,-6,224,31
2677,1,217,27
2677,2,220,29
2661,3,228,34
2657,-2,227,28
2689,-1,233,24
2669,0,228,29
2677,-1,228,27
2681,2,227,28
2661,4,223,30
2677,3,226,30
2661,3,225,27
2657,7,221,29
2669,4,231,30
2657,13,224,30
2729,13,226,29
2721,18,227,28
2713,13,219,32
2725,6,224,25
2669,11,223,27
2665,14,216,23
2725,17,216,24
2713,15,216,22
2721,17,214,24
2717,14,217,25
2721,13,216,27
2721,11,216,29
2665,7,222,24
2657,11,229,26
2673,9,220,27
2657,7,228,34
2677,-1,230,40
2677,6,235,30
2661,7,226,30
2681,4,227,30
2669,2,226,28
2661,4,221,30
2669,4,221,26
2661,5,220,28
2677,9,219,26
2673,7,215,31
2661,9,220,24
2669,4,225,20
2657,11,223,26
2673,14,223,27
2717,6,228,27
2661,4,226,24
2669,2,222,28
2661,3,224,29
2665,3,228,29
2669,1,225,28
2669,0,224,32
2681,1,227,27
2677,1,228,32
2681,0,232,26
2685,-6,225,28
2677,4,211,31
2681,1,228,36
2685,7,226,37
2665,6,219,26
2669,7,218,26
2661,5,220,25
2677,5,225,28
2665,6,223,25
2657,7,223,26
2673,10,220,27
2661,12,217,31
2721,12,220,31
2725,7,222,34
2665,2,222,35
2685,9,224,27
2661,7,221,32
2665,9,220,28
2669,16,219,32
2713,14,222,31
2729,11,221,31
2669,14,219,30
2713,11,221,30
2673,11,219,32
2665,10,214,31
2661,9,221,31
2673,10,220,33
2661,6,227,33
2677,7,222,35
2661,3,233,38
2669,7,230,31
2669,4,225,32
2661,0,227,33
2689,3,226,31
2657,3,222,28
2673,2,223,29
2673,1,226,27
2673,2,224,30
2677,3,224,34
2661,4,223,32
2661,6,219,34
2669,6,222,26
2661,6,219,29
2677,-1,219,33
2677,8,223,30
2665,5,222,30
2673,11,214,32
2661,8,223,30
2673,6,223,31
2669,4,219,31
2665,4,221,32
2673,3,222,27
2661,3,220,30
2669,2,223,31
2669,-4,232,29
2669,1,230,25
2681,4,212,27
2661,6,225,33
2669,4,215,29
2673,-3,224,32
2669,7,216,29
2669,4,219,27
2665,4,221,29
2661,3,223,27
2669,5,221,25
2665,7,218,25
2673,4,220,30
2661,6,228,28
2669,0,230,32
2673,6,220,33
2665,9,221,39
2661,2,223,30
2661,3,232,25
2673,3,236,22
2681,4,227,25
2665,4,223,28
2677,3,224,26
2665,4,222,30
2661,4,226,29
2669,2,227,28
2657,6,226,26
2673,4,224,29
2657,1,222,28
2677,5,220,27
2669,1,235,34
2673,0,229,30
2677,3,226,29
2677,3,223,27
2669,5,219,35
2673,6,219,30
2657,8,223,28
2673,7,220,31
2661,7,223,29
2661,8,224,27
2669,8,223,26
2661,11,220,29
2673,11,218,25
2669,13,216,29
2709,7,219,37
2673,9,217,28
2661,12,220,26
2717,10,223,24
2681,5,229,25
2661,9,221,26
2677,6,222,28
2665,8,224,26
2665,8,221,30
2673,8,221,28
2661,8,220,29
2681,8,223,28
2665,5,221,27
2661,7,222,27
2669,10,221,21
2661,8,212,24
2673,1,226,25
2677,5,227,22
2661,6,226,31
2673,10,220,29
2661,6,223,29
2677,4,220,30
2669,3,216,26
2669,2,223,26
2673,6,224,25
2665,2,225,25
2673,7,224,26
2669,2,227,26
2661,-1,231,24
2681,-4,236,37
2669,6,230,26
2669,6,223,30
2661,3,226,27
2657,6,221,34
2669,7,222,27
2665,5,224,29
2661,4,221,26
2673,4,218,29
2661,0,222,28
2677,2,219,31
2665,1,230,30
2673,1,230,34
2677,6,226,30
2665,10,222,33
2673,8,223,28
2661,-5,230,31
2685,6,219,32
2677,5,220,32
2669,4,222,32
2681,3,219,29
2669,5,222,28
2669,3,223,31
2673,4,223,32
2661,4,226,31
2681,5,225,29
2661,6,222,30
2669,3,220,34
2673,5,222,32
2661,3,224,32
2677,7,221,34
2673,10,217,30
2661,6,222,35
2669,7,221,31
2661,8,217,31
2677,7,222,31
2669,4,225,29
2661,5,224,28
2673,4,226,26
2661,6,225,27
2677,2,222,31
2669,6,220,30
2661,7,221,29
2673,5,222,23
2657,6,221,33
2673,0,222,33
2681,4,221,29
2661,5,223,29
2673,2,224,31
2661,2,224,31
2669,2,224,30
2665,3,223,26
2657,4,220,26
2673,0,226,29
2669,-1,227,26
2681,7,233,29
2661,3,221,29
2661,3,226,22
2669,18,221,20
2709,5,221,28
2669,7,226,27
2669,7,224,28
2661,7,223,25
2673,6,219,30
2657,5,223,28
2669,7,218,29
2673,5,222,27
2657,2,221,34
2677,6,221,25
2661,10,212,28
2669,18,213,29
2717,12,222,28
2717,6,225,26
2673,8,219,35
2669,8,223,35
2661,7,223,32
2665,10,224,29
2657,8,227,30
2669,12,224,30
2717,11,222,29
2661,10,222,30
2677,7,226,30
2669,13,220,28
2717,7,220,30
2669,12,217,27
2709,16,223,31
2721,8,213,31
2673,7,229,31
2661,6,222,27
2669,8,222,30
2661,8,222,33
2673,6,225,32
2677,5,223,29
2661,3,224,29
2677,-4,227,33
2669,-1,231,30
2677,-1,231,30
2681,5,222,22
2661,5,217,27
2677,3,231,24
2669,5,224,23
2657,-1,228,30
2681,2,225,30
2657,3,226,27
2669,2,227,27
2665,2,225,31
2661,3,224,30
2669,2,222,34
2657,8,224,28
2669,10,223,32
2669,8,226,34
2657,-1,241,33
2681,6,224,22
2665,5,227,35
2677,4,220,27
2669,4,222,28
2661,8,220,31
2665,7,221,29
2661,6,224,30
2673,4,223,29
2665,8,217,29
2657,7,218,29
2669,9,218,29
2661,10,217,29
2669,5,222,30
2669,17,220,26
2713,9,218,30
2673,5,217,26
2665,8,218,39
2669,4,223,35
2681,4,222,32
2669,3,222,32
2677,3,222,33
2661,6,221,33
2661,4,220,33
2669,4,223,36
2665,4,228,31
2677,0,229,34
2677,4,216,32
2669,5,235,24
2661,6,223,27
2657,12,218,31
2725,4,225,24
2669,5,217,33
2665,5,221,30
2661,4,222,30
2661,5,225,30
2673,2,225,30
2665,3,225,29
2657,5,225,29
2673,9,222,28
2661,2,225,32
2665,0,232,30
2677,6,222,29
2661,3,229,30
2673,1,228,28
2673,6,226,24
2673,2,233,26
2661,4,223,28
2665,4,219,30
2669,4,223,30
2657,5,223,28
2669,5,222,29
2665,6,224,30
2657,2,227,29
2669,4,227,31
2657,5,227,32
2669,-2,226,28
2681,4,221,35
2665,11,231,19
2673,11,222,26
2661,7,223,27
2661,5,221,27
2673,9,220,28
2665,10,223,29
2673,8,219,28
2657,7,219,29
2669,5,220,29
2673,7,220,29
2669,5,221,31
2677,8,217,27
2665,0,224,31
2677,3,224,32
2669,1,221,22
2669,1,222,27
2685,2,227,28
2669,6,223,29
2665,5,224,27
2669,4,221,27
2657,4,223,27
2673,4,223,29
2669,5,221,28
2657,4,227,25
2669,6,219,27
2661,10,220,28
2673,7,219,31
2669,8,220,32
2661,4,224,29
2669,4,227,29
2661,4,221,35
2673,5,224,33
2665,6,220,30
2657,5,224,33
2669,7,229,30
2661,9,225,30
2673,6,223,31
2661,4,221,33
2669,5,221,32
2673,6,221,27
2661,8,223,31
2673,11,216,39
2673,4,220,26
2657,10,215,30
2669,6,225,27
2657,5,218,31
2669,1,225,30
2677,4,222,31
2665,1,227,31
2681,5,223,30
2665,7,226,30
2661,7,224,29
2669,6,223,29
2661,5,221,27
2669,4,224,28
2665,1,233,31
2677,2,232,28
2665,2,228,29
2657,6,224,24
2669,3,227,28
2661,2,229,30
2665,3,222,27
2665,4,220,28
2657,4,224,30
2673,5,223,27
2661,5,221,30
2661,6,224,30
2665,4,217,30
2661,1,214,33
2681,9,221,31
2661,0,231,31
2673,4,228,31
2673,3,225,28
2657,7,216,27
2677,7,220,30
2661,7,221,29
2669,7,222,26
2673,5,223,26
2657,6,218,30
2677,5,221,29
2661,7,220,29
2665,9,221,37
2669,11,215,32
2669,8,225,33
2669,12,216,30
2717,8,218,27
2661,5,222,25
2673,5,220,34
2661,7,220,28
2673,7,223,28
2669,6,225,29
2661,4,219,29
2665,4,221,31
2657,4,223,30
2669,7,221,29
2669,3,223,33
2661,3,219,35
2661,8,221,32
2657,3,229,32
2681,6,220,31
2661,-1,227,28
2673,4,218,32
2673,3,226,28
2661,1,223,32
2677,2,225,30
2669,1,226,33
2669,-1,225,29
2677,3,224,29
2665,-1,228,30
2677,-2,224,29
2681,-2,223,32
2677,2,221,27
2677,0,225,29
2673,2,225,37
2673,4,241,29
2665,3,221,24
2657,4,220,25
2677,5,222,27
2665,6,220,26
2665,6,224,29
2669,6,221,29
2661,7,222,28
2681,9,218,28
2661,9,216,29
2657,8,221,33
2669,6,227,33
2661,3,222,36
2681,7,226,32
2665,0,223,29
2669,6,216,30
2673,10,220,30
2661,6,217,31
2677,4,221,31
2669,2,221,35
2665,4,225,32
2669,7,222,29
2661,4,223,30
2669,4,219,30
2665,-1,228,30
2673,3,225,34
2665,3,222,30
2661,6,223,33
2669,-2,225,30
2681,3,222,35
2661,3,225,29
2669,0,225,29
2669,6,226,29
2677,5,227,26
2669,7,219,27
2657,4,220,31
2669,4,224,29
2657,4,224,29
2669,1,226,30
2673,6,220,27
2669,4,224,34
2673,2,222,24
2657,13,216,26
2725,7,222,29
2665,5,216,28
2657,4,226,25
2677,5,223,26
2661,5,222,27
2657,3,222,25
2669,2,224,26
2661,3,222,28
2685,4,224,30
2669,5,215,30
2661,6,226,27
2669,4,230,28
2661,5,226,28
2681,15,219,24
2713,2,219,28
2665,9,223,29
2669,6,227,27
2661,8,222,28
2669,5,222,31
2665,5,219,26
2657,2,216,26
2669,1,219,27
2665,5,221,31
2673,11,231,27
2669,12,237,29
2713,8,237,26
2673,1,229,30
2673,-10,232,39
2733,-11,222,28
2729,0,224,30
2669,3,227,30
2673,8,226,28
2673,5,225,29
2657,6,224,33
2669,3,220,32
2661,4,226,28
2669,3,220,35
2677,8,220,27
2661,7,229,25
2677,4,225,28
2665,1,226,28
2677,6,222,37
2669,2,230,34
2657,4,220,29
2673,6,219,29
2661,8,218,30
2669,8,220,29
2673,8,216,28
2661,8,220,29
2677,8,220,26
2681,4,226,28
2669,5,219,34
2673,3,223,34
2661,4,229,30
2681,6,225,24
2669,4,223,34
2661,0,228,31
2677,2,220,34
2661,1,225,30
2685,2,225,29
2673,2,227,29
2661,4,225,27
2661,2,226,26
2657,3,224,31
2669,1,225,30
2677,9,220,29
2661,1,224,27
2677,-2,232,33
2677,9,218,31
2665,3,228,28
2669,5,223,26
2665,6,219,31
2665,4,222,31
2661,3,222,32
2669,3,223,34
2677,2,232,32
2661,0,227,30
2693,1,230,37
2669,2,230,32
2669,1,235,35
2677,7,228,30
2657,0,226,33
2685,5,220,33
2673,-8,234,33
2717,-4,232,28
2685,1,229,28
2669,2,230,25
2673,2,227,27
2661,4,227,27
2665,8,229,27
2673,5,229,27
2657,7,219,26
2669,8,219,24
2669,12,212,28
2713,13,210,27
2729,17,219,25
2717,21,211,23
2713,14,218,29
2717,17,215,27
2725,16,219,28
2717,12,226,30
2717,11,223,32
2669,13,222,33
2721,12,223,35
2721,8,225,39
2669,7,228,48
2673,-2,239,45
2677,-2,241,47
2669,-1,238,39
2677,2,237,48
2657,-6,234,43
2677,-11,234,48
2733,-13,229,51
2717,-15,228,46
2737,-12,225,47
2729,-13,223,50
2725,-12,243,51
2737,-16,236,44
2725,-16,242,52
2717,-5,230,44
2685,1,221,40
2681,-1,220,43
2669,1,220,44
2673,6,212,40
2661,6,213,42
2669,12,214,45
2721,12,207,44
2713,14,205,47
2721,18,203,44
2725,19,198,48
2713,11,198,47
2669,9,199,49
2657,8,203,52
2677,8,202,60
2669,13,205,57
2713,11,211,56
2685,11,212,53
2661,9,207,57
2661,8,212,57
2669,4,217,60
2665,-1,214,63
2685,-3,217,64
2685,-1,222,62
2673,-4,223,63
2685,-4,229,64
2673,-8,238,73
2725,-15,240,72
2729,14,254,85
2717,116,302,129
2833,63,346,120
2773,88,448,176
2773,70,416,177
2765,-6,327,151
2733,-57,264,164
2773,-50,219,180
2773,-35,215,165
2789,-41,283,142
2785,-9,271,143
2777,13,264,145
2769,29,264,140
2773,45,276,127
2769,60,277,118
2765,55,259,122
2781,44,250,138
2769,45,244,138
2761,42,237,149
2777,41,240,144
2769,38,232,139
2765,34,239,136
2773,30,231,141
2769,20,232,146
2769,22,224,144
2757,13,247,151
2781,18,232,150
2777,6,237,151
2717,3,235,151
2721,2,236,152
2725,2,233,150
2709,2,230,152
2721,3,229,152
2717,2,230,147
2713,-1,231,153
2737,6,227,156
2725,1,240,145
2721,17,215,149
2781,9,226,141
2721,9,223,139
2721,9,221,138
2729,4,222,143
2717,5,222,140
2709,1,222,142
2733,-1,225,132
2733,-1,215,134
2725,-15,225,140
2789,-10,220,138
2781,-21,213,137
2769,-16,211,137
2773,-13,212,137
2781,-16,214,138
2777,-11,211,134
2773,-12,211,135
2781,-14,214,143
2777,-17,215,141
2773,-18,217,144
2785,-11,212,139
2785,-13,213,140
2781,-16,211,134
2777,-20,212,132
2777,-21,204,132
2777,-21,200,131
2773,-26,208,130
2785,-23,211,124
2773,-32,201,120
2773,-55,249,95
2729,-42,235,99
2725,2,201,119
2717,25,160,130
2773,32,111,129
2781,27,98,141
2721,31,119,123
2765,26,152,107
2769,21,189,91
2717,5,217,73
2661,1,208,71
2681,3,191,76
2657,10,177,85
2669,5,180,95
2669,1,188,96
2669,2,188,93
2673,6,195,87
2665,1,216,88
2677,11,189,82
2665,-1,203,85
2677,7,191,84
2673,17,186,80
2713,16,200,74
2717,26,202,71
2721,28,202,70
2717,25,211,68
2721,30,208,64
2717,31,211,61
2713,24,209,62
2721,16,216,59
2717,11,223,59
2661,12,218,57
2725,17,222,52
2721,26,219,48
2713,27,226,44
2737,24,234,36
2717,26,236,30
2713,26,243,28
2725,24,246,30
2717,22,245,30
2717,20,246,19
2717,19,250,19
2717,18,246,16
2713,11,243,8
2625,-4,249,2
2621,-3,235,6
2637,-11,215,-4
2693,-8,205,-13
2745,-3,195,-15
2693,4,190,-19
2681,7,188,-20
2685,15,184,-27
2745,23,186,-27
2729,37,187,-32
2745,37,187,-31
2745,51,184,-31
2733,61,178,-28
2741,66,186,-29
2741,65,194,-30
2729,60,199,-28
2737,54,203,-27
2737,45,210,-25
2729,33,216,-21
2741,30,216,-20
2737,10,226,-22
2677,3,230,-23
2693,-1,228,-10
2697,-8,238,-9
2741,-14,266,-9
2761,-11,269,-7
2701,-9,269,-7
2693,-9,272,-11
2749,-9,265,-12
2745,-7,256,-11
2697,-3,251,-20
2701,-3,250,-17
2693,-3,236,-25
2689,2,227,-26
2685,-9,219,-32
2741,-21,210,-37
2753,-23,201,-40
2745,-25,189,-38
2741,-19,177,-40
2745,-17,174,-39
2741,1,164,-48
2693,5,165,-55
2685,14,166,-50
2737,23,161,-53
2741,30,152,-41
2741,27,155,-39
2741,34,158,-39
2733,38,166,-35
2737,41,174,-33
2737,42,184,-28
2733,42,192,-26
2741,43,201,-26
2741,46,211,-15
2733,43,218,-8
2737,30,230,-6
2685,31,228,-9
2733,24,245,-5
2689,21,243,-5
2689,16,246,-9
2737,10,247,-10
2685,2,250,-14
2689,2,240,-19
2681,4,238,-21
2705,7,231,-24
2681,1,226,-28
2693,6,222,-37
2685,10,213,-40
2685,9,201,-44
2689,15,202,-47
2741,17,196,-49
2737,17,193,-48
2741,21,190,-47
2741,28,193,-43
2737,32,192,-42
2741,28,202,-42
2745,26,208,-45
2737,26,217,-41
2737,15,230,-42
2741,25,223,-37
2729,27,227,-35
2741,30,227,-35
2741,25,230,-37
2737,17,230,-41
2737,9,231,-35
2685,-1,232,-40
2693,-4,224,-48
2701,-8,224,-43
2745,-8,221,-51
2741,-7,222,-58
2709,-5,213,-62
2697,-2,211,-63
2693,-2,215,-61
2697,-4,214,-58
2689,-1,214,-61
2693,4,218,-55
2685,1,221,-56
2693,-2,233,-55
2705,-12,245,-55
2749,-11,238,-47
2741,-20,236,-45
2753,-21,238,-53
2757,-31,236,-44
2745,-15,230,-40
2745,7,223,-44
2685,17,208,-45
2733,18,206,-42
2741,17,204,-40
2749,19,207,-43
2729,21,204,-41
2741,23,205,-43
2741,24,202,-43
2733,26,205,-39
2737,18,218,-36
2733,14,224,-33
2733,14,233,-29
2745,11,236,-30
2693,10,245,-28
2685,1,245,-24
2705,5,251,-21
2685,-7,260,-14
2693,-2,252,-16
2697,0,246,-11
2689,3,254,-15
2689,1,260,-16
2701,4,255,-13
2685,3,253,-12
2693,11,247,-9
2693,12,246,-8
2729,12,240,-9
2745,9,242,-8
2689,6,243,-10
2677,3,247,-11
2685,-3,231,-5
2633,-5,235,-4
2641,-10,231,-11
2745,-14,222,-12
2745,-20,224,-12
2753,-24,218,-12
2753,-20,215,-14
2737,-17,214,-13
2745,-13,218,-12
2757,-15,221,-8
2737,-4,220,-10
2697,4,214,-6
2641,-4,231,-10
2697,8,221,-2
2645,4,225,-4
2625,-1,234,1
2645,3,234,2
2629,3,241,1
2621,3,242,6
2629,4,245,5
2613,9,249,8
2629,9,251,11
2625,17,252,12
2725,17,253,10
2677,24,246,15
2709,26,248,21
2729,23,255,13
2717,23,254,20
2713,20,257,23
2717,25,254,22
2721,19,258,19
2709,15,258,23
2725,10,260,24
2665,5,263,27
2673,5,258,29
2677,8,258,27
2661,6,255,25
2677,0,260,23
2673,11,236,22
2669,1,243,24
2677,-3,239,22
2673,-9,226,14
2737,-11,223,13
2721,-12,225,16
2725,-10,222,15
2741,-4,223,19
2673,2,226,17
2669,0,229,11
2629,-1,232,12
2669,-2,239,15
2685,1,231,16
2681,0,233,26
2673,3,236,21
2669,3,230,23
2661,17,241,23
2721,26,237,28
2725,27,241,29
2717,30,247,31
2721,27,253,31
2721,28,254,37
2713,29,259,34
2725,29,259,41
2725,28,260,43
2713,32,258,36
2733,39,252,32
2717,47,249,33
2717,52,246,35
2733,56,244,32
2717,57,242,31
2713,59,239,28
2721,61,241,28
2717,62,237,30
2713,69,245,33
2721,73,244,29
2717,88,245,27
2717,90,254,34
2725,81,258,38
2713,77,264,40
2721,70,263,43
2721,67,262,42
2717,66,260,45
2721,68,261,43
2725,70,258,43
2713,66,269,47
2713,76,273,54
2729,67,266,44
2709,81,274,37
2725,85,272,34
2717,87,274,37
2713,88,276,41
2725,90,277,41
2721,89,275,42
2717,90,273,43
2725,90,281,45
2717,96,273,42
2713,93,275,52
2717,97,255,47
2717,107,266,44
2777,110,251,45
2785,109,243,46
2781,113,228,50
2773,119,218,55
2773,129,213,54
2777,138,208,51
2789,150,202,49
2773,161,186,42
2777,162,197,39
2781,158,177,32
2777,153,178,29
2785,141,180,26
2781,133,167,27
2777,125,160,23
2781,120,159,29
2777,113,168,15
2781,100,179,19
2713,97,174,16
2729,81,181,23
2721,81,190,26
2713,78,195,31
2729,79,200,31
2721,77,207,38
2717,76,207,37
2717,74,213,37
2717,68,222,41
2713,64,222,47
2717,68,216,37
2713,66,218,37
2717,59,197,45
2717,54,196,42
2709,51,200,37
2717,55,197,32
2725,53,200,28
2717,47,203,28
2721,50,198,29
2721,43,204,32
2713,44,209,32
2729,48,201,31
2713,40,209,32
2717,45,208,32
2721,46,210,33
2721,44,211,35
2713,50,209,34
2733,48,209,35
2717,51,203,34
2713,54,202,31
2725,47,202,27
2717,48,205,27
2721,44,210,29
2717,45,202,23
2721,44,200,32
2713,45,202,30
2717,51,203,31
2709,52,200,32
2717,58,201,31
2717,63,204,23
2713,49,208,26
2721,45,205,32
2721,55,194,32
2713,56,186,39
2717,62,187,35
2721,74,190,36
2713,76,189,37
2721,80,192,39
2725,79,195,36
2713,82,199,37
2729,90,187,35
2721,83,188,34
2713,86,196,40
2733,77,203,34
2717,66,217,37
2713,58,221,40
2725,47,225,48
2725,40,236,50
2717,32,242,48
2717,19,249,44
2721,11,247,42
2657,-4,250,41
2685,-10,241,39
2721,-10,231,31
2725,-20,236,22
2737,-22,239,23
2725,-18,234,22
2733,-19,220,17
2741,-16,222,18
2721,-7,218,16
2677,-1,215,17
2673,4,209,15
2669,12,215,10
2673,15,219,8
2665,18,209,9
2673,12,201,21
2721,13,196,22
2713,12,205,24
2737,18,204,24
2721,18,212,27
2713,24,218,31
2733,24,226,31
2721,23,229,32
2717,20,228,32
2725,17,234,40
2717,16,237,38
2717,10,247,38
2665,8,236,42
2661,3,243,40
2673,3,236,32
2673,1,230,27
2677,-1,231,26
2693,-4,232,22
2673,-6,231,23
2681,-3,229,22
2677,-6,227,22
2669,-7,224,26
2689,-6,227,22
2681,-12,233,25
2725,-2,228,19
2677,-14,231,20
2737,-12,238,19
2721,-7,239,25
2681,-12,239,15
2725,-6,231,24
2677,-6,234,26
2677,-5,232,25
2673,0,238,24
2685,10,227,24
2669,20,220,32
2713,29,223,36
2717,51,218,34
2713,67,219,32
2721,89,217,36
2725,91,238,40
2709,87,222,32
2717,88,207,41
2717,86,213,40
2705,83,210,36
2721,85,205,38
2729,85,209,37
2713,83,219,32
2725,73,220,26
2721,72,221,30
2713,62,225,36
2729,56,218,35
2713,27,235,31
2713,8,241,30
2677,-1,242,39
2669,-14,245,40
2733,-20,246,41
2733,-24,251,39
2725,-30,253,37
2725,-31,256,34
2729,-39,257,34
2725,-38,246,27
2729,-45,228,35
2729,-49,218,27
2717,-46,214,28
2737,-39,211,27
2729,-30,213,32
2717,-19,215,31
2725,-15,218,33
2729,-15,220,32
2717,-20,220,30
2737,-18,215,30
2725,-20,218,29
2725,-30,216,30
2729,-32,209,36
2733,-27,209,35
2717,-31,209,39
2729,-35,205,38
2737,-37,205,36
2721,-38,209,34
2729,-39,212,33
2737,-44,205,35
2721,-50,213,36
2733,-38,197,31
2725,-34,200,33
2721,-29,197,30
2741,-38,204,29
2737,-53,216,27
2721,-64,226,26
2733,-76,229,25
2729,-79,228,24
2717,-77,229,22
2737,-74,229,21
2729,-81,242,26
2729,-79,240,25
2737,-75,247,31
2721,-80,250,32
2729,-77,247,31
2733,-77,240,34
2729,-68,241,37
2725,-65,242,39
2737,-57,244,38
2725,-53,248,43
2725,-51,256,42
2737,-47,261,36
2725,-38,250,38
2717,-35,245,37
2745,-25,231,37
2721,-18,220,33
2725,-15,219,29
2737,-20,224,26
2729,-23,219,23
2721,-28,215,26
2745,-31,208,24
2721,-39,221,26
2725,-37,228,28
2737,-49,220,24
2737,-50,221,22
2721,-54,224,21
2729,-54,223,24
2729,-52,220,22
2721,-50,216,23
2733,-45,206,18
2725,-48,209,17
2725,-45,199,24
2729,-50,200,23
2733,-49,212,26
2729,-40,210,24
2721,-27,211,27
2729,-19,212,28
2721,-13,214,32
2725,-11,217,33
2733,-11,216,36
2721,-12,222,35
2729,-6,225,43
2669,11,231,48
2673,5,219,39
2677,15,224,42
2709,33,221,50
2725,42,223,53
2721,49,227,53
2713,57,232,58
2729,64,236,55
2721,63,246,59
2717,67,250,60
2725,68,246,60
2721,62,253,56
2713,69,249,51
2717,60,249,55
2725,45,244,51
2713,42,241,50
2717,40,243,48
2717,36,241,47
2717,32,233,47
2717,28,231,46
2713,27,227,43
2725,35,214,36
2721,35,236,42
2709,34,223,36
2717,50,218,33
2725,55,204,30
2713,56,203,34
2725,58,207,35
2717,57,209,39
2713,56,216,39
2733,54,216,37
2721,42,218,39
2713,36,222,39
2725,31,219,37
2725,36,202,39
2709,24,218,42
2717,19,213,37
2717,18,219,38
2713,13,220,39
2717,12,227,35
2717,5,222,32
2665,4,219,31
2669,5,211,26
2669,1,216,29
2685,7,210,30
2669,-3,210,26
2673,0,211,21
2677,-2,215,27
2677,-2,215,20
2681,2,216,20
2665,1,216,21
2673,-1,219,24
2681,4,220,24
2661,2,219,29
2661,2,215,27
2669,4,218,27
2661,3,211,28
2661,8,207,26
2657,13,208,28
2717,18,204,24
2725,18,213,29
2717,15,213,30
2725,26,207,33
2721,32,204,32
2717,35,208,32
2725,38,207,35
2721,44,211,35
2713,38,216,41
2733,38,219,36
2721,34,220,37
2713,38,216,38
2729,27,220,36
2725,28,223,42
2709,32,223,39
2721,29,228,39
2721,24,234,37
2713,22,240,40
2721,14,239,44
2717,18,244,45
2717,15,240,44
2717,7,244,42
2661,16,242,48
2717,17,240,43
2725,15,236,41
2713,17,245,43
2721,16,245,38
2717,20,240,41
2709,20,237,45
2733,21,239,43
2717,26,241,46
2713,31,241,44
2725,40,244,46
2721,45,248,43
2717,44,248,41
2729,37,252,45
2721,46,244,48
2709,44,250,43
2717,42,246,44
2721,42,246,44
2717,41,240,41
2721,44,240,40
2717,46,235,42
2725,43,246,36
2729,48,242,29
2713,47,232,31
2717,44,223,34
2725,40,223,34
2709,39,223,32
2717,37,234,31
2717,37,231,31
2713,38,238,29
2725,38,238,23
2717,43,237,23
2705,41,240,25
2733,44,236,21
2721,53,221,31
2713,53,235,29
2725,53,246,25
2721,61,238,25
2713,59,241,22
2729,60,244,24
2721,61,243,22
2717,58,243,21
2717,60,238,25
2721,61,246,15
2713,63,242,13
2721,63,250,16
2713,63,255,7
2673,60,247,12
2725,57,250,8
2673,52,254,5
2677,55,254,5
2681,55,259,5
2661,54,268,5
2677,57,265,4
2665,60,264,2
2677,57,260,-6
2701,58,262,-7
2685,52,254,-8
2745,50,253,-10
2741,53,242,-17
2725,55,255,-16
2753,61,256,-19
2737,62,260,-22
2737,58,262,-18
2753,54,262,-23
2733,48,270,-24
2737,47,274,-25
2745,47,268,-28
2745,46,268,-29
2737,48,260,-30
2741,43,266,-39
2741,39,259,-38
2729,38,251,-38
2741,35,246,-40
2733,35,238,-41
2741,42,225,-49
2737,38,229,-51
2737,39,222,-52
2733,47,226,-50
2737,51,216,-59
2737,47,207,-58
2737,56,202,-60
2741,55,197,-59
2737,59,195,-63
2737,57,191,-64
2741,54,194,-65
2737,53,200,-64
2733,45,214,-66
2733,40,221,-60
2745,33,233,-65
2729,23,233,-61
2733,17,234,-60
2745,14,227,-63
2733,20,223,-64
2737,20,215,-66
2737,20,210,-70
2749,27,210,-72
2733,23,197,-72
2737,25,200,-78
2733,24,192,-76
2733,16,187,-74
2737,27,184,-77
2741,31,183,-78
2729,36,185,-79
2737,40,185,-76
2737,48,185,-72
2737,50,190,-76
2737,57,188,-72
2741,60,170,-63
2729,50,186,-71
2737,56,195,-64
2741,60,196,-63
2733,57,194,-61
2749,54,198,-59
2733,52,198,-56
2737,52,196,-55
2749,55,200,-54
2737,54,195,-54
2733,48,199,-52
2745,57,189,-57
2733,50,193,-53
2737,54,186,-58
2745,54,184,-55
2737,57,185,-53
2733,54,188,-51
2745,53,195,-42
2741,54,206,-43
2729,53,207,-41
2741,50,210,-40
2749,55,208,-41
2729,63,203,-35
2737,63,207,-37
2745,61,202,-34
2737,64,197,-36
2737,63,191,-31
2737,64,184,-32
2737,66,186,-26
2741,73,174,-32
2737,86,176,-31
2729,80,176,-21
2737,97,162,-26
2737,91,158,-20
2737,84,159,-16
2733,79,165,-14
2741,76,172,-11
2733,68,180,-5
2697,67,190,-3
2697,59,201,3
2669,51,213,4
2677,42,218,15
2721,47,223,9
2665,26,226,9
2673,17,232,7
2665,13,233,11
2673,6,227,15
2669,8,228,15
2661,12,224,14
2725,18,222,18
2717,22,220,24
2717,26,214,29
2717,30,216,27
2713,34,211,27
2725,30,206,27
2717,47,202,29
2709,49,202,37
2717,65,198,30
2717,69,198,34
2709,77,202,36
2717,79,202,41
2725,88,205,46
2709,94,206,47
2725,95,211,49
2717,96,223,50
2717,81,232,53
2737,92,235,52
2721,89,233,50
2713,80,224,53
2729,75,226,56
2721,69,227,59
2713,66,230,57
2725,61,240,56
2725,62,246,53
2713,62,248,45
2717,65,240,48
2729,61,247,46
2709,56,242,45
2725,49,232,46
2709,47,224,41
2717,41,235,41
2725,33,239,39
2713,21,239,38
2717,9,245,38
2669,1,242,36
2673,-3,231,41
2693,-14,238,52
2729,-16,222,47
2721,-12,207,45
2733,-6,200,38
2681,6,189,49
2661,17,180,47
2721,25,174,53
2713,31,161,57
2721,38,149,56
2721,38,144,59
2709,44,146,59
2717,46,144,64
2729,45,136,65
2709,51,147,68
2721,53,149,70
2717,35,161,69
2713,29,173,76
2729,33,188,79
2717,38,206,84
2709,41,230,87
2733,38,252,86
2713,37,266,90
2713,32,278,94
2717,31,287,94
2717,23,298,100
2713,19,311,108
2777,21,317,111
2769,3,329,106
2713,1,328,101
2673,1,320,98
2673,0,318,97
2681,1,309,95
2685,0,309,87
2669,2,297,89
2681,-1,291,82
2677,0,284,84
2677,-19,291,89
2733,-20,267,64
2721,-24,263,69
2733,-16,227,60
2725,-25,222,58
2717,-26,224,54
2737,-22,219,52
2721,-23,214,47
2725,-26,206,51
2721,-38,208,49
2729,-41,208,46
2721,-32,196,40
2729,-37,191,36
2729,-30,181,23
2717,-27,180,25
2725,-20,185,25
2733,-11,192,31
2717,-6,200,32
2677,-2,213,32
2677,-1,218,36
2673,-6,225,35
2681,-11,235,36
2725,-7,239,36
2677,-14,222,37
2725,-12,229,43
2721,4,221,43
2669,5,216,44
2669,12,218,46
2713,20,221,52
2733,29,226,50
2713,39,228,55
2713,45,233,60
2725,55,228,65
2721,52,226,67
2713,57,223,72
2725,64,228,63
2721,57,231,65
2717,59,222,64
2725,55,218,64
2713,54,217,65
2721,47,218,66
2725,47,218,67
2709,45,217,66
2717,38,220,69
2725,40,222,67
2713,44,223,77
2717,39,232,80
2729,35,248,69
2713,39,245,70
2725,34,242,67
2713,32,241,66
2713,31,241,65
2729,30,241,64
2721,34,235,63
2713,38,241,64
2729,38,244,57
2721,32,246,58
2713,37,245,56
2725,30,238,60
2721,28,235,52
2717,30,233,53
2717,25,236,55
2721,24,232,51
2713,27,229,49
2717,32,226,52
2713,34,230,51
2717,31,231,51
2721,37,223,56
2717,34,240,64
2717,43,229,62
2717,35,236,68
2713,34,236,63
2721,33,235,66
2729,31,239,64
2709,23,241,68
2721,18,244,65
2721,16,236,67
2713,23,228,67
2733,18,223,57
2717,25,224,69
2713,28,241,64
2729,22,237,68
2721,17,239,68
2717,19,241,70
2717,14,238,72
2717,17,244,69
2713,15,246,72
2725,13,258,72
2725,15,273,76
2713,15,282,78
2725,11,298,78
2669,2,320,91
2661,5,311,87
2665,1,297,86
2681,3,271,81
2673,1,258,75
2673,-8,242,72
2729,-6,236,64
2677,-3,221,64
2669,-6,225,60
2677,-7,237,58
2677,-3,236,51
2677,-19,246,51
2733,-13,258,51
2729,-6,238,44
2677,7,234,40
2669,13,228,40
2713,20,223,36
2717,27,220,31
2729,24,218,29
2713,32,224,30
2733,41,222,28
2721,43,225,21
2713,43,232,27
2729,41,245,19
2717,46,235,19
2713,47,227,16
2733,47,225,15
2717,47,222,16
2713,46,219,15
2733,45,220,11
2681,46,212,16
2713,40,217,12
2725,38,225,7
2665,27,226,10
2677,34,224,9
2685,35,220,11
2669,29,224,8
2689,24,222,12
2717,24,223,9
2665,22,220,12
2717,18,218,10
2665,20,218,8
2673,17,218,8
2685,18,220,9
2669,16,218,6
2677,16,216,5
2673,12,214,10
2669,16,211,6
2685,4,232,6
2621,8,216,8
2633,2,221,8
2617,14,214,3
2681,15,209,6
2681,12,208,4
2669,12,207,3
2681,15,203,3
2665,11,203,6
2621,12,205,3
2677,13,201,0
2689,10,199,2
2625,5,202,3
2613,13,200,4
2681,4,210,5
2613,7,212,11
2621,0,219,11
2633,-3,215,8
2621,-7,230,10
2625,-4,231,18
2681,-3,234,14
2685,-3,240,16
2681,-4,241,18
2673,-5,241,19
2673,-11,245,22
2729,-4,242,25
2677,-4,248,27
2677,-9,248,13
2721,-3,242,21
2689,-13,248,29
2721,-10,249,22
2725,-10,237,16
2737,-12,241,16
2725,-13,242,14
2725,-11,237,16
2737,-11,239,16
2725,-13,241,17
2721,-9,247,17
2745,-9,251,12
2729,2,235,14
2661,-12,245,16
2729,-4,248,18
2669,-2,243,17
2677,-8,248,20
2729,-13,256,22
2729,-20,258,20
2729,-27,263,23
2733,-30,258,20
2721,-37,261,18
2729,-39,251,20
2729,-43,251,25
2725,-55,252,23
2721,-50,259,20
2737,-50,238,14
2725,-50,234,16
2737,-51,227,14
2737,-48,222,15
2721,-45,220,10
2677,-45,222,8
2677,-42,222,8
2677,-43,218,12
2721,-43,220,11
2681,-40,228,10
2677,-39,213,7
2677,-39,226,6
2669,-40,222,10
2689,-37,220,6
2681,-35,224,9
2673,-35,225,11
2681,-46,233,16
2725,-52,234,15
2733,-54,231,5
2677,-57,241,10
2669,-55,224,12
2733,-61,228,14
2725,-58,225,12
2717,-55,221,13
2741,-53,222,3
2677,-58,222,4
2673,-60,225,4
2677,-64,228,4
2669,-66,229,5
2677,-71,227,7
2689,-68,223,7
2669,-67,229,5
2685,-70,229,-1
2705,-70,230,2
2673,-73,234,7
2677,-75,225,-4
2689,-77,225,-7
2693,-73,226,3
2677,-74,223,-1
2693,-75,223,0
2693,-66,226,-3
2685,-67,230,-4
2701,-66,241,-8
2753,-60,239,-1
2685,-61,239,2
2685,-60,230,5
2685,-72,246,2
2669,-74,247,-3
2701,-70,249,-1
2697,-75,246,-6
2689,-69,238,-5
2693,-70,233,-8
2737,-67,239,-5
2697,-75,244,-4
2697,-77,246,-6
2693,-82,241,-9
2753,-88,242,-9
2757,-91,240,-9
2749,-96,238,-11
2749,-96,238,-3
2697,-101,246,2
2729,-93,257,2
2677,-92,257,-1
2693,-92,254,4
2673,-95,251,7
2693,-93,257,7
2669,-93,255,4
2677,-93,256,4
2681,-95,244,2
2669,-95,242,4
2685,-85,241,2
2677,-92,258,-2
2693,-86,254,5
2673,-85,261,9
2673,-70,260,10
2681,-68,257,11
2685,-66,256,13
2721,-72,254,12
2737,-82,244,4
2677,-88,232,3
2669,-88,207,-6
2693,-78,187,-11
2741,-72,187,-12
2749,-65,191,-13
2753,-49,181,-21
2745,-54,187,-12
2741,-58,192,-16
2741,-62,195,-9
2745,-64,192,-10
2745,-69,190,-6
2701,-84,199,-2
2697,-95,196,-2
2689,-116,197,0
2761,-133,218,12
2781,-127,206,10
2733,-134,218,5
2741,-141,226,5
2733,-141,226,9
2733,-143,224,12
2789,-138,221,18
2785,-138,223,18
2781,-135,215,29
2781,-130,222,32
2789,-125,228,30
2789,-113,244,28
2777,-107,245,30
2781,-107,237,37
2785,-104,234,38
2777,-100,227,39
2777,-97,221,38
2737,-92,199,36
2721,-98,181,24
2777,-95,182,13
2729,-87,178,1
2689,-57,151,-20
2745,-33,137,-19
2753,-18,135,-19
2745,0,138,-16
2693,12,147,-12
2737,26,150,-9
2737,43,150,-1
2701,50,170,8
2677,57,162,12
2713,48,172,20
2725,40,179,13
2717,15,188,20
2717,4,196,26
2677,-6,209,30
2677,-13,220,37
2725,-25,228,43
2721,-33,245,46
2741,-42,252,52
2721,-46,258,63
2729,-48,264,57
2733,-49,271,63
2729,-52,274,51
2729,-31,259,49
2717,-26,263,49
2733,-19,263,47
2725,-24,264,48
2717,-24,258,45
2729,-15,252,47
2729,-6,239,32
2673,23,211,28
2717,51,198,19
2717,71,186,5
2661,92,184,-2
2693,88,147,-13
2737,74,132,-27
2733,67,108,-29
2745,65,92,-30
2693,68,92,-24
2681,77,101,-26
2685,81,122,-25
2737,81,148,-18
2737,85,172,-13
2745,91,177,-7
2693,73,198,-1
2689,53,239,18
2717,50,241,24
2721,42,243,25
2721,32,247,28
2725,25,250,29
2713,19,247,26
2721,16,247,31
2717,14,245,28
2717,9,249,25
2677,12,238,16
2721,20,249,25
2709,11,247,13
2669,4,246,10
2613,3,236,-3
2641,4,225,-12
2693,22,202,-26
2733,50,172,-37
2741,77,147,-47
2737,101,133,-53
2733,127,136,-61
2805,142,133,-63
2801,153,133,-60
2789,169,147,-56
2797,172,154,-50
2797,167,174,-44
2801,158,195,-31
2801,149,213,-23
2801,133,242,-13
2801,123,272,-4
2753,118,282,3
2725,104,303,15
2785,63,336,35
2717,60,344,37
2713,53,344,40
2717,45,343,44
2721,47,340,45
2713,46,333,48
2721,55,329,46
2713,60,333,37
2721,76,341,37
2717,73,331,22
2713,78,314,16
2717,72,279,11
2677,70,259,8
2673,65,252,3
2681,69,240,0
2693,77,227,-7
2689,91,222,-15
2737,109,214,-16
2797,127,213,-24
2793,136,205,-26
2809,137,216,-23
2805,131,224,-15
2801,122,220,-3
2745,113,226,0
2749,100,231,5
2673,88,246,7
2669,82,251,13
2721,71,262,13
2713,60,277,18
2717,65,279,18
2721,42,302,18
2717,35,281,16
2721,16,274,29
2725,9,279,30
2665,11,278,26
2673,13,269,24
2721,19,266,21
2713,27,256,15
2725,38,247,15
2717,41,246,10
2673,47,235,16
2725,50,230,10
2669,55,224,9
2669,48,220,0
2693,49,207,-6
2685,48,200,-10
2733,52,191,-9
2741,55,191,-9
2733,64,194,-7
2697,71,203,-3
2689,82,216,-7
2685,77,227,-17
2741,67,242,-13
2729,57,254,3
2673,46,245,10
2681,31,252,12
2721,21,269,26
2729,11,273,28
2665,7,278,30
2669,4,277,29
2665,1,271,35
2673,-1,258,21
2685,-3,260,29
2685,1,244,28
2669,1,246,25
2693,-3,253,16
2677,3,247,19
2661,13,232,18
2717,11,242,12
2661,17,246,14
2725,23,240,15
2725,22,231,18
2713,27,234,16
2725,29,234,10
2677,30,235,8
2665,23,229,12
2725,17,230,10
2673,21,215,12
2721,15,221,17
2721,17,221,7
2673,13,226,11
2669,5,232,2
2633,-4,240,6
2625,-13,242,6
2673,-20,238,4
2677,-25,243,3
2685,-31,242,5
2677,-33,247,8
2677,-46,252,20
2721,-53,258,22
2741,-48,246,8
2673,-51,231,3
2677,-52,224,5
2677,-50,211,4
2681,-55,216,9
2677,-48,216,7
2669,-43,215,5
2677,-40,212,4
2673,-36,212,1
2701,-34,207,3
2685,-41,215,9
2669,-38,216,6
2685,-33,211,10
2677,-35,219,5
2673,-26,210,-1
2701,-38,219,0
2693,-25,208,7
2681,-16,206,2
2681,-27,210,-1
2689,-27,205,2
2677,-27,206,4
2669,-30,208,4
2677,-27,209,6
2677,-23,213,2
2677,-23,218,8
2689,-31,226,0
2693,-30,218,4
2673,-24,223,12
2721,-33,232,4
2673,-35,226,6
2681,-38,223,6
2685,-45,216,1
2693,-44,210,2
2681,-42,207,-1
2701,-47,203,1
2689,-45,208,-3
2697,-45,204,-2
2685,-48,210,-6
2693,-49,203,-10
2753,-42,213,7
2669,-52,209,-4
2709,-67,211,4
2673,-54,218,0
2693,-65,227,4
2677,-66,224,4
2669,-68,225,5
2681,-64,225,8
2685,-65,225,7
2669,-62,234,10
2693,-58,229,8
2681,-53,230,15
2721,-54,236,20
2729,-40,227,17
2725,-35,233,15
2721,-36,236,17
2729,-16,230,18
2733,-16,235,22
2733,-14,234,21
2729,-8,235,20
2721,-7,233,20
2677,-2,229,17
2677,-5,232,17
2677,1,222,20
2685,-2,233,25
2673,-3,223,18
2673,-4,224,17
2677,-11,227,10
2669,-7,223,13
2681,-14,218,6
2673,-12,218,9
2673,-11,212,9
2681,-16,215,12
2733,-13,215,13
2725,-13,217,4
2673,-21,225,4
2673,-16,216,12
2733,-15,215,4
2681,-25,219,9
2673,-27,222,11
2685,-30,221,9
2681,-34,224,12
2725,-33,222,11
2673,-35,225,10
2673,-37,223,14
2725,-36,225,17
2729,-37,225,18
2721,-38,227,14
2729,-29,220,19
2737,-26,219,17
2721,-35,229,18
2725,-24,223,15
2737,-28,226,20
2721,-25,225,17
2741,-23,224,17
2737,-17,226,15
2721,-16,226,17
2733,-13,221,16
2729,-20,225,18
2721,-16,223,15
2737,-20,222,17
2725,-15,230,21
2725,-19,217,11
2681,-17,218,15
2733,-18,214,15
2721,-21,222,11
2693,-22,213,8
2685,-22,214,12
2721,-19,231,21
2729,-29,222,18
2729,-27,229,10
2673,-27,243,14
2729,-33,224,9
2669,-37,228,23
2729,-22,214,20
2733,-19,221,5
2673,-15,220,12
2733,-14,220,11
2677,-18,216,8
2677,-19,233,13
2721,-22,221,9
2673,-23,220,7
2681,-21,214,10
2673,-18,209,16
2717,-23,204,11
2677,-30,201,14
2729,-24,217,12
2717,-17,221,13
2737,-21,220,9
2677,-22,222,20
2729,-14,227,13
2733,-24,221,7
2677,-18,230,14
2721,-9,239,18
2729,-19,232,17
2725,-19,226,19
2725,-11,225,17
2729,-13,223,15
2721,-21,229,13
2729,-17,221,15
2729,-21,219,15
2725,-27,221,15
2729,-26,212,10
2681,-14,203,10
2677,-21,219,19
2737,-23,206,3
2685,-11,216,10
2673,-13,229,26
2737,-15,219,6
2681,-4,213,8
2625,0,218,6
2629,5,214,3
2625,4,209,5
2625,2,210,7
2617,1,221,7
2633,-4,220,11
2629,-7,222,11
2629,-11,223,14
2733,-13,223,13
2721,-18,221,15
2729,-20,221,15
2725,-31,231,22
2721,-29,217,17
2737,-29,228,15
2733,-26,225,13
2725,-28,221,11
2681,-24,221,11
2681,-26,221,9
2673,-22,215,5
2681,-20,219,3
2669,-24,220,5
2681,-18,221,5
2689,-20,233,2
2669,-19,235,2
2693,-28,227,5
2673,-34,222,6
2677,-32,225,6
2677,-36,224,7
2669,-42,221,4
2685,-46,222,4
2673,-49,219,9
2669,-47,221,10
2677,-40,222,7
2673,-41,225,5
2685,-38,230,13
2725,-24,227,10
2673,-25,225,4
2677,-18,223,10
2689,-21,232,17
2721,-14,234,6
2681,-13,228,7
2669,-13,224,10
2681,-10,221,8
2681,-5,222,5
2621,-11,219,9
2677,-11,218,6
2677,-9,219,9
2673,-4,221,12
2681,-18,209,6
2669,-13,223,6
2673,-19,222,6
2673,-15,218,9
2673,-14,225,12
2733,-9,228,11
2673,-11,231,9
2689,-10,231,12
2737,-12,233,12
2725,-12,241,17
2729,-27,234,10
2681,-31,230,8
2673,-21,226,14
2721,-17,235,16
2741,-21,245,6
2677,-18,230,16
2725,-17,228,3
2665,-11,223,6
2681,-7,212,6
2621,-11,211,-2
2689,-10,211,2
2673,-10,208,4
2677,-8,206,3
2681,-14,210,1
2705,-5,203,1
2629,-5,203,6
2625,4,215,12
2665,24,230,20
2721,2,234,11
2629,-23,245,9
2669,-12,212,7
2673,-11,208,9
2669,-17,215,7
2677,-16,219,11
2681,-8,225,13
2721,-2,223,15
2693,-9,233,16
2733,-7,234,13
2673,-7,239,12
2677,-10,224,21
2733,6,230,11
2625,-7,223,11
2621,-6,232,18
2673,-8,230,16
2725,-10,233,18
2733,-6,224,16
2669,-5,231,17
2673,-10,235,19
2721,-8,235,18
2737,-8,225,19
2725,-12,223,12
2721,-5,221,13
2681,-9,227,10
2681,-9,211,17
2721,-8,212,12
2737,-11,221,9
2677,-8,215,7
2673,-7,213,8
2625,-3,213,11
2625,-1,216,12
2693,-1,215,10
2629,0,217,10
2617,0,216,7
2629,-2,223,8
2625,-6,215,13
2677,-3,210,13
2677,-10,223,17
2725,-12,212,11
2677,-7,218,14
2673,-2,217,13
2689,-3,220,11
2613,-1,223,12
2677,0,225,12
2677,1,225,16
2677,-2,224,14
2685,-7,231,18
2677,-8,234,15
2725,-8,226,14
2725,-3,228,21
2677,-14,236,18
2733,-1,223,11
2629,-8,228,16
2717,-10,227,15
2737,-12,226,11
2685,-8,225,10
2673,-8,223,13
2737,-10,228,13
2729,-12,230,17
2721,-13,228,18
2745,-15,233,20
2729,-7,241,14
2665,-8,244,18
2729,-7,238,17
2669,-14,238,14
2729,-16,228,14
2721,-14,230,15
2729,-12,226,14
2725,-12,222,15
2733,-5,225,14
2673,-1,222,11
2633,-1,232,14
2677,0,224,14
2673,2,228,11
2625,-2,220,14
2677,3,219,9
2625,7,213,11
2613,6,222,13
2665,8,221,11
2625,11,216,13
2661,9,218,13
2669,10,215,5
2613,8,205,6
2621,8,199,11
2617,5,201,13
2673,1,207,6
2629,-2,216,13
2677,5,207,7
2633,11,204,8
2613,1,221,15
2681,-6,223,12
2677,-6,228,16
2669,2,226,11
2625,-2,222,13
2669,1,225,13
2681,1,225,15
2673,0,226,18
2673,2,229,14
2665,0,233,12
2673,2,231,18
2665,3,232,18
2677,-3,235,17
2669,-6,235,16
2689,-6,238,24
2673,-12,236,21
2729,-10,238,15
2729,-17,248,13
2725,-10,231,14
2725,-11,230,14
2733,-8,225,14
2729,-9,227,15
2725,-7,227,11
2633,-7,220,10
2617,0,214,9
2637,-1,221,11
2621,6,215,11
2617,-2,219,13
2677,2,216,6
2609,7,217,13
2669,7,216,14
2661,6,217,6
2633,7,221,18
2665,3,219,14
2669,3,218,15
2673,5,220,12
2661,8,218,17
2673,14,214,22
2721,6,221,16
2665,10,221,11
2629,8,210,9
2617,10,217,13
2677,10,216,22
2669,22,208,14
2717,10,222,13
2673,10,220,19
2657,6,225,13
2669,-1,221,15
2677,2,218,17
2661,3,221,16
2673,2,222,16
2665,1,224,14
2681,-1,225,12
2673,3,226,16
2669,4,224,16
2661,-3,223,13
2673,0,235,24
2681,2,221,11
2641,2,224,10
2613,-4,222,11
2633,-5,225,22
2669,2,222,10
2633,-3,225,12
2677,0,216,9
2621,0,220,16
2677,2,223,13
2669,-2,225,14
2685,2,224,13
2669,-1,224,11
2613,2,222,13
2669,-3,231,20
2669,-5,224,20
2685,-4,219,21
2681,2,232,19
2657,-3,222,16
2677,2,227,15
2665,1,223,19
2685,6,227,22
2665,5,223,16
2661,6,221,15
2669,2,224,15
2661,4,217,17
2677,0,216,18
2677,-1,218,16
2673,0,214,13
2673,0,223,19
2673,4,220,13
2661,1,222,12
2677,6,217,21
2657,1,225,18
2677,4,224,20
2661,5,224,20
2661,3,223,17
2669,2,222,17
2661,3,220,17
2673,2,218,16
2661,1,221,19
2677,3,222,17
2677,6,225,19
2669,1,236,15
2677,6,227,19
2665,3,229,19
2673,-5,243,17
2681,-3,232,22
2677,0,230,12
2677,-1,226,14
2681,3,225,14
2665,3,222,13
2673,2,225,15
2657,3,229,14
2669,8,227,14
2665,7,229,15
2661,4,223,17
2669,9,225,12
2661,6,224,12
2677,3,222,16
2661,1,218,13
2673,14,213,17
2717,6,217,15
2669,7,215,15
2673,10,217,16
2669,5,225,12
2661,4,220,8
2629,5,217,13
2665,7,214,13
2669,6,224,12
2669,6,220,18
2661,7,222,15
2673,11,220,17
2665,16,219,12
2717,19,216,14
2721,13,223,17
2717,7,225,22
2669,11,231,20
2665,8,228,17
2657,7,234,19
2669,5,225,16
2665,3,222,20
2665,1,221,16
2677,4,224,18
2657,8,217,20
2673,1,226,18
2665,-4,228,21
2681,1,227,20
2673,-1,225,17
2677,-2,225,10
2625,6,222,15
2661,3,221,15
2669,3,222,14
2665,2,227,8
2621,2,226,7
2625,3,226,10
2613,3,223,12
2673,-3,226,11
2621,-7,232,14
2673,-3,234,8
2637,-13,230,14
2717,0,233,6
2641,-10,225,7
2673,-1,210,9
2633,-18,231,13
2741,-13,226,9
2673,-10,218,9
2681,-8,219,12
2737,-3,226,14
2673,-3,229,16
2673,0,233,15
2673,3,231,16
2669,7,226,15
2669,12,227,17
2709,8,232,18
2685,14,217,17
2717,13,228,19
2713,10,220,15
2673,13,224,14
2709,17,219,16
2721,19,215,14
2717,16,221,16
2709,15,218,18
2725,17,223,14
2721,16,223,19
2713,10,226,16
2673,12,232,10
2681,10,229,12
2661,8,217,22
2673,4,225,25
2665,4,228,14
2669,8,218,15
2665,5,219,17
2657,6,216,17
2669,9,214,16
2661,10,218,14
2661,14,218,15
2717,11,227,23
2661,15,224,17
2717,3,230,18
2665,7,233,13
2669,9,219,20
2673,11,217,15
2669,-4,218,14
2685,5,224,9
2621,2,227,13
2661,7,230,15
2669,7,228,9
2613,5,228,10
2633,9,223,12
2661,3,223,14
2669,1,240,20
2673,0,223,8
2617,1,220,9
2629,-3,227,11
2629,10,217,3
2633,3,221,6
2617,-6,227,14
2685,-1,227,14
2689,2,225,16
2661,-1,230,21
2685,5,225,20
2661,5,228,22
2665,6,226,21
2669,8,225,16
2657,7,226,20
2677,6,222,23
2673,9,226,20
2669,5,227,26
2673,8,232,32
2665,10,242,22
2677,15,224,23
2717,5,223,19
2661,2,219,22
2673,3,214,17
2657,4,207,21
2669,7,211,19
2673,10,218,23
2665,13,212,22
2721,14,218,26
2713,19,220,24
2721,23,224,21
2721,23,223,24
2713,20,225,23
2725,20,222,21
2721,16,219,15
2713,14,223,17
2721,10,218,19
2669,9,220,18
2661,7,220,14
2677,8,222,20
2669,5,220,18
2669,5,224,19
2673,7,222,19
2657,3,228,19
2685,2,234,23
2665,-1,226,13
2669,0,229,13
2681,-7,229,14
2669,-6,225,25
2685,-7,234,24
2677,-8,231,21
2725,-8,237,22
2741,-9,238,20
2725,-10,236,20
2721,-5,229,25
2681,1,220,23
2673,-1,228,16
2685,10,215,19
2661,0,217,18
2669,4,210,18
2673,-4,217,27
2681,5,223,23
2665,7,222,18
2669,12,222,18
2709,11,222,21
2673,15,219,26
2717,16,217,20
2717,15,220,26
2729,12,214,18
2721,9,222,17
2669,13,227,17
2721,11,234,19
2661,13,225,19
2725,7,219,16
2673,7,221,19
2661,8,222,18
2673,5,224,21
2669,4,222,20
2661,3,226,21
2669,4,231,21
2657,0,234,24
2681,-1,239,18
2677,-2,236,15
2669,-3,236,16
2677,-11,238,18
2717,-18,240,22
2737,-8,230,14
2729,-9,232,15
2721,-11,224,18
2737,-8,226,19
2721,-7,226,14
2677,-1,222,15
2677,0,227,16
2677,2,218,11
2621,-3,217,14
2689,2,233,16
2661,5,232,17
2669,4,217,15
2669,2,212,16
2657,11,213,21
2669,9,213,18
2657,13,213,17
2721,15,210,22
2729,19,216,22
2713,23,217,21
2729,23,217,17
2717,23,209,15
2709,27,204,14
2733,25,215,15
2717,27,208,19
2709,23,210,21
2729,20,221,20
2721,22,217,22
2717,17,226,25
2721,14,226,22
2717,12,229,26
2709,10,231,26
2673,15,229,18
2709,5,228,24
2673,1,240,23
2685,-3,228,29
2673,-7,226,18
2677,-10,232,18
2733,-7,225,21
2673,-7,232,17
2677,-12,235,16
2721,-14,227,15
2737,-10,229,18
2729,-7,222,19
2677,-13,236,13
2733,-13,218,20
2721,-20,236,21
2725,-9,229,12
2729,-19,227,11
2685,3,218,14
2665,-1,222,11
2629,-2,224,15
2673,1,219,16
2673,1,220,18
2685,3,218,14
2657,7,216,17
2677,9,222,19
2661,16,216,18
2717,15,214,20
2717,8,216,23
2661,12,228,27
2713,8,232,22
2669,14,219,22
2709,15,224,17
2733,14,223,22
2717,11,223,21
2661,10,225,20
2673,9,223,21
2657,7,226,17
2677,5,221,24
2661,8,218,18
2665,6,226,14
2669,4,231,16
2657,7,225,19
2669,4,223,19
2665,-1,222,23
2669,2,225,20
2673,4,226,19
2661,2,226,21
2669,3,225,19
2669,-1,230,22
2673,-2,230,21
2673,2,226,17
2661,3,225,18
2669,2,226,27
2681,7,237,26
2661,-3,242,18
2685,0,222,21
2677,-3,238,18
2673,-3,221,21
2681,-5,224,23
2677,-2,226,21
2681,-2,223,16
2681,2,215,17
2665,0,222,17
2685,2,222,16
2665,2,214,18
2665,2,220,16
2669,5,220,22
2665,3,224,18
2673,4,222,20
2665,2,225,19
2669,12,217,24
2717,7,220,22
2665,12,221,23
2729,11,215,24
2673,11,219,24
2661,11,216,26
2673,15,213,25
2709,15,219,24
2721,20,215,19
2729,19,227,26
2713,22,226,20
2721,19,232,26
2725,14,224,22
2717,10,220,17
2677,6,230,22
2673,7,223,19
2661,5,221,15
2669,-2,223,18
2669,-6,228,22
2689,-4,222,18
2681,-11,229,18
2725,-1,225,20
2681,-6,233,12
2681,5,218,24
2665,2,232,21
2669,5,232,18
2665,-5,238,20
2685,-3,222,17
2689,-4,219,17
2669,-12,220,20
2721,-5,220,21
2681,-13,223,16
2725,-12,226,18
2729,-11,229,18
2725,-15,228,16
2733,-4,217,18
2685,-4,225,22
2677,0,231,30
2685,-2,231,17
2685,1,228,19
2673,2,223,25
2669,3,230,21
2665,6,216,12
2673,13,222,14
2713,13,220,14
2717,17,227,17
2729,18,219,15
2721,14,226,10
2665,25,212,10
2673,22,212,15
2709,16,211,13
2721,13,217,9
2673,14,222,10
2665,13,221,8
2673,10,223,9
2613,14,222,10
2669,13,218,11
2681,7,224,13
2661,5,229,9
2637,3,230,12
2665,4,224,14
2669,3,218,8
2633,4,231,16
2661,0,226,19
2685,-4,235,15
2669,3,222,15
2669,0,228,16
2689,2,228,16
2669,4,228,14
2677,2,230,15
2665,6,223,15
2661,6,223,16
2673,3,229,13
2661,7,224,12
2677,2,221,18
2669,10,216,12
2665,7,225,16
2673,12,220,6
2665,10,217,17
2677,13,224,13
2717,10,219,13
2661,10,219,12
2669,10,215,13
2657,10,217,13
2677,8,212,15
2669,7,220,15
2657,6,220,13
2669,7,225,13
2657,6,222,13
2669,11,223,16
2665,3,224,19
2657,2,223,20
2669,4,229,17
2657,2,230,17
2669,-5,226,20
2673,3,222,18
2669,4,221,14
2673,4,223,16
2661,3,222,18
2669,5,224,16
2665,4,225,14
2657,5,225,14
2669,5,236,11
2613,4,228,15
2669,2,226,20
2665,3,218,14
2657,8,220,16
2673,6,218,14
2661,3,221,11
2625,2,228,17
2669,3,220,15
2661,5,225,17
2669,6,223,16
2665,9,225,16
2673,9,228,17
2665,7,234,18
2665,14,231,14
2717,8,242,12
2661,3,233,16
2661,6,226,10
2625,5,222,15
2661,5,233,16
2669,1,226,17
2673,9,218,18
2661,8,223,14
2669,9,222,14
2661,10,221,14
2673,13,218,14
2717,10,221,16
2673,10,220,15
2681,9,230,16
2669,15,218,14
2733,18,219,16
2729,13,226,17
2709,18,222,15
2725,16,215,11
2673,15,217,9
2673,19,212,10
2673,18,216,11
2669,19,217,7
2677,17,217,10
2673,17,214,7
2665,16,215,8
2677,15,215,7
2665,9,219,11
2629,12,206,6
2669,10,216,10
2617,6,218,16
2669,8,215,15
2661,14,221,14
2729,5,233,17
2661,5,229,17
2661,9,229,16
2681,4,228,18
2661,2,231,17
2669,1,230,19
2677,4,229,16
2661,4,229,14
2673,5,229,13
2661,6,229,18
2665,2,238,19
2669,2,236,12
2665,7,238,10
2621,-1,235,13
2673,-2,233,14
2681,2,230,16
2669,3,227,12
2669,4,228,10
2629,5,224,12
2665,2,222,15
2673,3,221,12
2661,3,228,13
2657,5,216,13
2673,5,222,18
2665,5,217,16
2673,2,219,19
2669,5,221,17
2661,16,221,16
2721,12,217,14
2717,8,220,16
2669,7,218,18
2673,5,213,18
2661,6,213,18
2677,15,214,14
2721,17,222,18
2713,11,225,17
2673,15,225,23
2709,9,223,22
2669,17,212,18
2721,22,219,22
2709,17,222,22
2725,19,219,23
2721,14,221,24
2713,17,221,22
2725,19,220,22
2725,22,219,21
2717,20,221,22
2729,18,222,26
2721,14,227,25
2713,13,227,18
2725,10,225,22
2673,6,240,18
2661,6,232,15
2661,7,226,14
2657,4,226,12
2677,3,224,14
2665,2,225,12
2657,2,226,13
2669,3,226,13
2665,-1,234,11
2641,2,227,12
2665,-4,233,10
2621,4,230,12
2673,12,215,16
2713,9,229,15
2681,8,228,9
2633,9,216,14
2657,11,219,15
2669,8,225,15
2661,10,221,15
2677,12,222,18
2721,17,220,14
2713,15,218,18
2717,13,225,17
2717,12,222,15
2713,16,226,25
2725,13,215,16
2717,15,223,12
2721,19,212,19
2717,19,210,18
2713,17,217,18
2721,24,214,19
2717,25,218,18
2717,31,214,16
2717,31,217,17
2721,34,206,17
2717,35,215,16
2721,35,204,11
2677,36,218,18
2713,22,222,17
2725,19,218,16
2725,15,218,17
2713,16,214,18
2737,15,218,19
2721,14,223,20
2713,17,218,19
2721,15,224,17
2717,18,220,22
2713,13,226,22
2725,5,232,34
2669,-5,230,27
2677,-3,233,24
2681,-1,236,26
2673,-7,238,23
2685,-2,234,21
2681,-8,235,24
2717,-10,232,22
2729,-10,234,24
2733,-11,237,17
2717,-4,230,23
2681,-4,234,24
2669,-8,238,18
2725,-4,236,19
2689,-10,236,20
2721,-5,232,17
2681,-3,229,17
2677,-2,230,18
2677,-3,227,16
2677,-1,228,19
2669,2,229,17
2673,3,226,16
2673,6,227,16
2665,0,222,22
2681,-1,228,22
2673,7,225,20
2677,11,223,21
2681,20,219,24
2713,17,223,24
2729,19,224,26
2721,19,220,24
2717,18,224,18
2729,19,217,19
2717,17,223,19
2709,20,212,22
2725,21,213,34
2717,17,214,25
2709,21,215,22
2721,25,218,18
2721,24,219,19
2717,25,219,17
2725,24,219,18
2709,23,223,16
2721,24,213,14
2717,26,219,15
2713,27,220,13
2721,28,212,22
2717,34,216,16
2717,33,212,19
2717,26,211,15
2729,23,214,15
2713,19,213,16
2725,18,217,16
2717,16,220,14
2717,16,219,15
2737,15,215,16
2721,13,226,16
2713,14,209,16
2729,6,222,17
2665,6,230,14
2657,3,238,15
2669,0,235,19
2669,1,235,22
2685,2,233,20
2665,0,235,20
2673,-4,239,22
2677,-2,235,21
2669,-1,238,20
2677,-2,234,22
2677,-3,236,21
2673,-4,232,12
2681,4,232,11
2621,9,231,15
2661,1,232,16
2677,4,239,14
2661,-7,233,21
2673,1,229,18
2677,-2,230,18
2677,1,230,15
2681,2,223,14
2665,2,219,16
2677,0,227,15
2669,6,230,24
2665,9,230,16
2669,7,230,13
2665,6,227,18
2677,7,216,11
2621,7,219,22
2665,4,219,16
2669,2,212,22
2661,8,210,24
2677,10,215,23
2661,10,216,25
2661,12,222,24
2721,12,224,31
2713,9,222,31
2669,10,225,26
2669,13,223,29
2713,17,224,27
2721,9,236,24
2661,20,234,26
2717,13,230,31
2721,7,229,33
2657,9,225,30
2665,7,230,31
2673,10,225,29
2661,10,221,31
2673,13,218,28
2713,10,218,29
2673,7,229,23
2673,7,219,34
2661,12,228,27
2725,17,219,30
2721,15,233,25
2713,11,219,24
2669,11,216,22
2657,5,222,25
2665,5,223,19
2677,3,221,18
2665,4,220,17
2673,6,221,18
2657,6,218,20
2673,6,219,20
2673,9,219,22
2661,0,230,20
2689,15,227,30
2725,1,221,12
2673,-1,223,21
2677,8,224,21
2665,8,220,22
2669,5,222,21
2661,7,226,24
2657,9,226,21
2669,8,224,17
2657,9,223,20
2669,7,223,16
2665,10,222,21
2657,10,226,17
2669,8,229,12
2657,9,228,15
2669,8,220,17
2665,9,230,20
2657,7,229,16
2669,10,221,19
2661,12,221,22
2721,13,222,21
2725,14,224,24
2717,12,217,26
2729,7,233,28
2669,10,224,24
2665,15,218,25
2725,17,223,30
2721,15,216,33
2713,12,220,32
2717,16,218,20
2709,15,218,28
2721,17,214,28
2717,18,217,29
2713,14,222,29
2721,14,218,30
2717,16,221,25
2721,12,223,23
2721,10,221,28
2681,9,228,23
2661,5,229,28
2673,14,229,32
2725,3,229,30
2661,7,225,29
2673,6,226,28
2661,2,225,28
2669,2,226,24
2665,6,227,22
2661,4,220,20
2669,0,226,16
2669,0,231,17
2689,0,222,19
2673,-1,224,23
2677,-5,228,26
2673,-8,236,19
2721,-3,229,21
2681,1,224,20
2677,-1,226,21
2673,0,228,22
2693,-1,229,25
2681,1,224,19
2669,3,225,23
2661,7,223,22
2669,2,223,18
2673,2,229,18
2661,5,223,18
2669,-2,234,26
2673,12,215,23
2721,4,223,22
2669,13,220,28
2729,11,218,27
2669,10,223,30
2681,11,216,30
2673,8,222,31
2657,10,220,31
2669,10,221,34
2661,11,224,33
2681,10,226,37
2665,13,224,26
2713,8,233,29
2677,17,216,36
2713,16,219,33
2713,18,219,31
2717,17,217,30
2713,19,218,28
2721,18,220,25
2733,17,215,24
2713,15,216,24
2725,14,219,28
2721,11,222,25
2657,8,221,30
2677,11,223,28
2661,5,230,20
2669,-1,237,26
2681,0,231,22
2673,1,226,29
2693,0,229,22
2681,0,227,23
2677,1,236,20
2673,1,235,22
2677,1,234,17
2677,4,229,15
2669,1,235,16
2673,6,220,22
2669,3,227,12
2657,2,220,14
2673,3,217,15
2665,6,220,15
2657,1,225,22
2677,3,223,19
2665,3,225,16
2677,6,222,18
2677,4,220,20
2661,6,228,21
2677,5,225,27
2665,7,224,23
2661,11,219,23
2669,7,226,27
2669,20,221,23
2729,10,222,24
2669,18,222,23
2713,16,221,25
2717,15,219,24
2721,17,213,25
2713,20,213,24
2721,16,212,21
2717,18,212,24
2721,21,215,23
2721,24,213,34
2709,26,211,27
2721,18,224,32
2721,18,219,33
2721,30,212,26
2717,10,225,29
2673,11,225,28
2657,8,224,23
2669,8,227,26
2657,7,226,28
2669,5,226,28
2677,4,224,28
2661,5,231,29
2677,5,227,24
2665,3,227,15
2661,-1,234,14
2677,3,229,20
2665,8,224,21
2677,2,230,20
2665,3,227,19
2665,2,226,13
2673,2,224,17
2661,1,225,22
2689,2,225,18
2669,2,224,21
2665,1,236,21
2685,6,233,18
2665,18,222,20
2725,12,222,23
2721,9,221,22
2657,12,218,17
2725,13,225,15
2721,11,225,15
2657,11,219,21
2669,14,224,17
2709,15,222,20
2721,18,218,21
2717,10,218,18
2661,8,217,22
2673,12,227,19
2721,22,220,23
2709,20,217,25
2725,21,224,23
2721,13,232,21
2713,9,231,28
2677,10,228,27
2661,9,225,26
2669,9,224,26
2665,8,225,25
2657,11,220,25
2669,8,221,24
2657,12,223,26
2721,9,215,23
2673,9,225,27
2661,8,224,20
2681,8,229,18
2661,16,214,24
2717,8,221,25
2665,12,222,22
2713,10,222,20
2669,13,219,21
2721,8,223,23
2669,12,226,22
2725,13,221,23
2717,14,221,24
2713,15,225,21
2721,8,227,23
2661,19,225,31
2721,11,228,29
2665,4,228,23
2657,8,227,23
2685,4,228,22
2673,7,227,20
2661,8,225,23
2673,10,223,24
2661,7,227,22
2673,9,231,22
2669,2,222,19
2661,9,233,19
2673,5,224,18
2665,12,217,20
2725,10,220,23
2669,15,222,16
2713,11,216,22
2677,13,220,20
2717,12,218,18
2713,10,223,20
2665,11,222,20
2657,14,217,23
2721,10,225,23
2681,9,222,27
2669,12,229,23
2729,8,231,19
2677,10,229,21
2661,8,226,22
2669,11,218,25
2665,11,223,21
2673,13,221,23
2721,10,222,22
2665,14,222,23
2721,14,224,25
2717,18,222,24
2721,16,216,24
2725,18,221,19
2717,11,219,24
2669,17,220,23
2721,7,228,20
2661,12,222,25
2725,6,228,26
2669,5,228,25
2661,6,223,25
2673,9,226,24
2661,9,231,27
2669,6,230,25
2665,12,231,26
2709,9,229,30
2673,8,224,23
2669,7,229,21
2673,8,222,14
2673,6,225,30
2665,5,228,22
2677,4,226,19
2665,5,219,20
2669,6,220,20
2673,7,225,19
2657,7,223,19
2677,3,225,18
2677,5,223,20
2657,6,220,18
2669,10,220,18
2661,12,219,19
2729,9,226,13
2669,11,224,20
2657,14,220,20
2713,5,230,22
2661,10,223,19
2669,12,216,21
2717,10,222,21
2669,11,220,23
2673,9,222,23
2673,10,224,25
2661,10,220,24
2669,10,223,27
2657,12,222,22
2729,12,231,19
2721,11,226,27
2661,9,227,22
2669,9,225,23
2661,17,219,28
2721,11,231,23
2669,13,222,25
2709,15,221,24
2725,11,223,26
2673,10,219,25
2661,10,216,26
2673,8,222,25
2661,9,218,26
2669,5,229,26
2665,12,217,29
2713,10,225,26
2677,5,228,21
2661,3,225,31
2665,4,225,25
2677,3,225,24
2661,6,221,23
2677,4,222,23
2657,5,226,27
2673,5,225,24
2669,7,226,26
2657,9,223,23
2677,13,219,25
2717,5,224,24
2661,15,221,25
2721,17,215,24
2713,9,225,25
2669,8,221,28
2677,9,225,24
2669,9,215,24
2677,11,221,24
2665,13,223,26
2717,14,228,26
2717,15,224,23
2709,11,213,20
2669,10,215,23
2677,8,226,22
2661,4,225,27
2677,10,221,34
2661,15,218,26
2721,10,220,26
2669,11,222,26
2661,11,223,22
2677,12,222,21
2721,15,222,20
2709,16,225,23
2725,20,222,19
2721,18,218,17
2713,20,218,22
2721,21,213,14
2709,16,229,19
2721,21,221,18
2725,11,219,19
2669,12,217,22
2721,12,220,22
2721,10,224,22
2669,15,224,20
2725,13,222,21
2721,9,223,23
2661,6,226,26
2669,12,222,21
2713,15,222,27
2721,1,231,24
2677,13,226,22
2717,10,223,25
2661,11,223,25
2669,10,224,24
2665,10,224,28
2673,10,222,28
2665,12,225,28
2725,8,229,29
2665,13,218,27
2713,19,216,27
2725,14,218,26
2721,22,223,27
2713,9,219,26
2673,6,224,23
2669,10,222,27
2661,14,219,26
2721,15,220,25
2713,8,234,30
2669,10,215,26
2669,10,221,25
2665,5,227,28
2673,2,227,26
2665,2,225,32
2665,0,227,32
2685,7,214,21
2665,9,228,25
2677,5,225,28
2661,3,222,23
2669,4,223,28
2673,6,223,25
2657,3,224,25
2677,6,224,26
2665,6,223,26
2669,9,222,25
2673,5,219,24
2661,7,221,28
2673,1,238,28
2681,6,224,29
2657,6,226,25
2669,7,223,25
2661,6,215,30
2677,4,227,25
2673,5,224,25
2661,4,225,28
2669,6,221,28
2657,9,223,28
2673,10,223,30
2669,7,225,28
2657,4,230,26
2669,9,229,23
2669,10,229,31
2673,6,228,22
2673,8,230,22
2661,7,227,24
2673,13,230,24
2713,13,228,28
2717,14,222,26
2717,14,225,26
2717,13,225,28
2721,15,228,28
2729,11,235,25
2661,7,227,28
2673,8,226,23
2669,5,229,26
2665,11,214,28
2669,6,221,23
2661,5,221,21
2685,6,227,22
2665,12,218,21
2717,11,221,22
2673,12,220,21
2709,12,222,24
2717,11,221,21
2665,8,225,20
2657,13,216,22
2725,10,222,25
2665,14,218,25
2713,8,222,24
2673,6,227,26
2669,7,221,18
2665,6,218,28
2669,15,219,24
2713,12,223,21
2721,12,222,26
2721,14,223,22
2713,13,228,22
2717,15,222,22
2725,17,220,25
2717,16,216,25
2717,10,235,20
2665,14,221,22
2721,9,227,22
2669,9,224,25
2657,14,220,22
2729,12,222,24
2721,8,222,25
2665,9,227,23
2673,8,226,25
2665,4,226,25
2661,4,225,23
2669,7,223,25
2665,5,217,27
2669,10,223,35
2661,8,234,26
2669,8,234,23
2669,9,218,30
2665,8,221,26
2669,8,219,26
2661,6,221,25
2665,5,223,25
2673,8,223,23
2657,7,219,28
2669,6,222,30
2661,7,219,29
2669,6,223,27
2677,9,223,24
2669,5,224,30
2673,11,220,30
2657,9,225,32
2669,5,224,22
2673,9,224,24
2661,5,227,28
2677,7,223,25
2665,8,221,24
2665,8,224,25
2673,9,223,26
2661,8,223,26
2681,12,224,23
2713,10,223,23
2669,11,225,27
2673,5,230,33
2657,7,226,18
2669,7,225,25
2669,9,222,24
2657,8,224,20
2673,8,224,27
2661,9,226,22
2665,5,226,19
2669,6,220,22
2661,8,222,27
2673,10,220,25
2661,12,225,22
2721,9,223,23
2677,11,222,20
2661,16,221,18
2717,6,229,24
2673,10,239,26
2665,11,226,21
2669,15,229,19
2709,14,226,19
2725,13,227,18
2717,8,225,20
2661,7,227,21
2685,11,224,17
2669,6,221,17
2665,8,224,20
2673,14,218,21
2709,13,224,18
2725,17,214,22
2721,16,226,22
2713,14,221,21
2725,18,218,21
2725,15,221,20
2717,15,224,19
2729,10,221,21
2669,6,227,21
2665,11,225,22
2677,9,226,21
2665,10,218,24
2669,8,223,28
2665,9,223,22
2657,8,225,20
2669,12,220,20
2709,11,219,17
2665,8,222,19
2669,8,224,19
2661,13,224,20
2721,12,227,21
2721,13,227,19
2713,12,221,20
2721,8,229,18
2661,10,219,23
2669,7,234,16
2677,3,220,23
2661,1,224,20
2685,3,224,21
2657,0,228,27
2681,2,226,26
2661,3,225,26
2661,4,222,24
2673,4,220,24
2657,2,224,25
2673,5,222,27
2673,4,225,27
2661,2,224,23
2677,8,221,23
2681,9,223,28
2669,9,221,30
2673,6,227,26
2665,9,230,21
2669,9,224,26
2665,7,230,25
2661,11,226,26
2669,9,223,28
2657,11,222,25
2669,10,226,27
2669,7,226,28
2669,5,226,28
2673,5,230,28
2669,8,221,22
2681,5,223,29
2669,7,217,20
2657,10,218,23
2669,15,216,25
2713,12,224,25
2721,13,223,23
2717,12,223,24
2713,13,220,25
2721,10,217,27
2665,13,215,21
2713,12,216,23
2737,19,223,16
2717,6,232,21
2657,6,231,20
2669,9,232,20
2661,13,228,22
2717,9,228,19
2681,9,222,23
2657,9,228,24
2677,5,224,24
2661,4,230,25
2669,5,224,24
2673,7,225,24
2657,8,231,20
2677,9,225,21
2665,5,234,23
2669,7,229,18
2669,11,234,19
2669,6,225,21
2677,11,224,26
2669,10,217,19
2661,6,225,20
2673,10,219,18
2661,11,220,19
2673,11,222,22
2665,10,223,22
2661,12,221,22
2725,11,220,24
2661,10,224,32
2669,9,227,27
2669,11,220,30
2661,14,230,25
2721,12,219,19
2721,16,218,25
2717,10,220,28
2669,11,220,28
2661,12,219,27
2721,13,221,30
2721,16,223,25
2713,17,221,23
2733,16,218,28
2717,14,219,29
2709,19,217,24
2733,14,217,20
2713,8,224,28
2669,9,224,24
2669,6,230,26
2657,7,224,24
2669,4,225,27
2665,5,222,26
2657,4,220,27
2669,6,221,27
2661,3,219,24
2669,2,228,26
2665,5,219,23
2665,1,229,28
2685,-10,234,30
2721,5,223,14
2677,8,220,30
2669,3,226,29
2661,4,223,21
2677,3,224,23
2673,2,224,26
2657,3,227,21
2669,5,221,22
2657,6,222,21
2677,3,226,21
2673,13,221,22
2713,8,225,24
2673,8,217,26
2657,10,218,22
2673,7,219,15
2665,10,218,17
2657,15,218,19
2721,15,223,22
2721,12,221,24
2721,12,224,25
2717,15,220,23
2713,13,218,26
2721,14,213,24
2721,14,227,23
2717,13,220,28
2717,8,226,25
2665,16,224,23
2709,10,220,26
2681,6,224,23
2661,6,225,24
2661,8,223,25
2669,7,222,25
2657,7,223,24
2669,10,223,26
2669,4,230,24
2661,7,230,20
2673,8,228,23
2665,3,237,28
2673,11,221,19
2669,4,224,25
2661,3,224,21
2673,11,212,27
2661,8,225,23
2673,9,225,21
2665,12,225,20
2713,7,227,23
2673,4,225,22
2665,10,220,23
2665,9,218,23
2677,15,224,25
2709,16,217,22
2733,12,228,17
2717,13,224,21
2709,15,214,27
2733,16,218,23
2717,11,222,23
2665,9,221,22
2673,12,227,21
2713,13,222,22
2717,16,228,21
2717,12,226,21
2713,9,222,23
2669,9,217,18
2669,5,233,27
2661,9,227,23
2661,12,216,18
2717,12,226,9
2677,9,225,14
2677,6,226,17
2661,4,223,18
2681,6,224,20
2661,6,227,19
2661,6,226,22
2673,11,227,23
2661,5,228,23
2681,9,231,25
2665,3,230,24
2669,10,227,25
2673,10,218,22
2661,15,225,26
2729,9,226,24
2669,9,223,27
2657,10,222,25
2673,9,226,24
2661,10,223,24
2665,11,222,22
2669,10,225,24
2661,7,222,25
2673,11,226,22
2669,14,218,26
2721,11,225,25
2677,9,227,20
2661,11,226,22
2677,5,225,19
2665,7,220,23
2665,8,226,20
2669,9,226,21
2661,9,225,22
2677,8,224,24
2665,12,225,19
2717,11,221,20
2669,8,221,25
2665,9,217,24
2677,4,232,24
2669,5,221,20
2669,9,218,22
2673,8,221,27
2661,7,228,20
2669,8,227,24
2665,4,226,24
2657,7,229,23
2669,5,228,23
2661,5,225,24
2669,6,225,23
2665,8,221,22
2657,7,222,29
2669,5,222,28
2661,7,234,28
2665,8,228,24
2673,14,230,29
2717,13,217,21
2717,9,221,23
2669,13,219,20
2717,12,222,22
2717,12,222,23
2713,9,222,24
2661,14,221,26
2729,13,221,23
2713,15,221,23
2725,18,218,24
2721,11,226,14
2661,12,222,27
2729,7,233,20
2677,8,236,16
2661,8,230,20
2669,8,229,19
2661,5,222,20
2681,7,221,17
2661,6,223,20
2661,8,232,20
2669,7,222,20
2665,12,222,22
2729,9,225,23
2673,11,225,20
2661,18,219,20
2721,13,218,18
2725,11,220,23
2665,12,222,19
2721,15,223,21
2717,15,220,19
2717,13,221,23
2717,12,227,26
2713,9,226,21
2669,10,219,23
2669,11,224,26
2661,10,221,25
2661,12,222,16
2709,4,224,23
2677,10,226,25
2665,12,223,21
2717,9,219,21
2681,10,219,22
2673,11,218,20
2661,11,220,24
2669,11,222,24
2661,11,219,25
2673,6,225,29
2669,8,227,23
2661,7,234,19
2669,6,232,22
2661,8,228,18
2673,6,230,24
2669,5,221,24
2661,4,224,30
2673,-1,225,28
2665,3,224,26
2673,5,225,25
2669,6,227,25
2661,6,229,23
2673,9,227,23
2661,8,226,24
2669,7,230,23
2665,6,226,28
2657,2,226,25
2669,5,227,29
2665,7,219,24
2665,5,225,28
2669,10,222,27
2669,13,219,25
2717,9,218,26
2661,8,220,25
2669,7,221,25
2673,10,221,25
2661,10,218,25
2677,6,226,28
2665,10,223,32
2669,9,222,35
2661,12,225,32
2713,10,226,38
2681,12,220,29
2717,10,213,27
2665,5,226,25
2673,6,224,25
2669,7,221,24
2669,9,221,24
2665,7,224,22
2665,6,223,23
2669,9,226,22
2669,10,225,25
2661,8,235,22
2669,5,236,20
2661,5,232,19
2665,8,225,24
2657,5,228,16
2669,5,235,20
2661,11,225,24
2665,2,226,22
2669,8,224,19
2657,11,222,21
2669,9,224,21
2669,10,225,19
2661,13,227,20
2717,16,224,22
2721,18,219,19
2713,13,219,20
2725,14,212,22
