0,8,224,31
2733,9,223,35
2677,12,222,36
2661,10,225,35
2673,5,229,35
2669,5,227,33
2661,9,223,29
2677,12,222,34
2665,16,217,31
2717,11,217,33
2669,10,223,33
2665,7,223,34
2673,9,218,30
2669,11,225,31
2665,11,225,35
2673,8,225,33
2665,11,220,31
2669,6,227,33
2669,7,226,35
2661,4,227,34
2661,12,222,31
2657,10,229,31
2669,7,221,33
2665,2,223,29
2673,4,230,29
2661,5,222,33
2657,7,222,30
2669,9,219,31
2669,5,221,33
2665,8,225,33
2669,6,222,34
2661,6,224,34
2669,5,223,38
2673,5,225,33
2661,4,221,34
2661,8,228,33
2665,8,228,28
2665,9,220,27
2673,7,231,32
2661,7,220,35
2669,10,223,33
2661,9,225,33
2669,11,224,32
2673,13,224,32
2713,12,216,31
2677,11,224,33
2657,12,216,35
2669,7,224,31
2661,14,216,28
2713,11,228,40
2677,11,228,31
2661,18,218,35
2713,13,222,33
2717,12,223,33
2665,11,224,35
2673,8,227,33
2673,9,222,35
2669,12,225,33
2677,7,230,34
2661,8,226,29
2669,9,223,30
2673,7,231,30
2665,9,223,36
2677,13,217,40
2725,9,230,31
2665,8,222,32
2673,15,218,30
2709,16,222,27
2721,13,224,29
2717,12,221,32
2661,11,225,30
2681,12,220,31
2661,11,221,34
2661,8,232,35
2669,11,222,32
2661,11,222,40
2673,9,227,36
2661,8,227,34
2665,9,226,37
2665,9,223,34
2665,11,224,33
2669,8,223,31
2669,10,221,34
2665,9,221,32
2665,9,224,31
2657,7,221,33
2681,8,226,33
2661,8,220,33
2657,11,224,26
2669,18,220,34
2709,16,219,30
2717,14,219,31
2717,6,231,34
2661,10,221,33
2677,8,224,35
2665,11,225,33
2661,10,222,36
2665,9,224,34
2657,11,224,32
2677,14,218,31
2717,11,219,37
2661,15,217,36
2717,6,231,34
2665,11,221,27
2669,15,224,31
2729,13,217,37
2713,10,228,32
2673,10,222,34
2669,12,222,33
2661,12,220,32
2665,12,224,33
2657,8,224,32
2669,10,220,34
2669,7,226,32
2661,8,229,33
2669,8,227,40
2657,7,224,29
2669,3,223,39
2669,14,231,30
2709,8,221,33
2673,13,221,32
2709,7,223,33
2673,10,224,32
2665,7,223,32
2661,6,224,29
2677,7,229,27
2661,8,226,29
2661,8,226,29
2673,8,221,32
2661,1,230,37
2689,4,232,34
2669,4,228,28
2661,6,227,30
2673,5,222,34
2665,0,224,35
2689,3,223,32
2665,2,230,33
2669,3,230,30
2673,9,223,31
2657,5,228,34
2673,2,230,30
2681,4,228,29
2661,4,228,30
2669,2,230,32
2665,-2,232,36
2681,7,214,33
2669,9,228,37
2661,8,218,29
2661,8,229,31
2665,8,224,32
2669,8,222,30
2661,8,226,31
2657,11,222,31
2669,11,221,31
2665,8,228,33
2665,9,222,30
2669,14,227,33
2713,14,225,30
2725,15,225,33
2725,12,227,29
2661,10,220,35
2669,12,225,31
2657,13,220,35
2721,13,220,35
2725,17,220,33
2709,20,221,34
2725,18,219,36
2717,15,221,36
2717,16,219,38
2729,10,218,31
2669,9,224,41
2657,9,233,34
2669,6,220,33
2661,3,225,34
2669,4,228,33
2669,5,224,33
2661,4,224,34
2669,5,227,33
2661,2,229,33
2677,1,227,31
2681,7,224,32
2669,3,229,27
2673,7,225,27
2661,5,225,33
2673,-3,218,28
2685,3,230,30
2665,1,223,22
2685,5,219,31
2661,9,224,26
2665,5,223,28
2669,6,225,30
2665,5,228,32
2677,4,222,29
2661,8,229,30
2665,7,227,28
2669,10,225,32
2657,12,222,26
2677,13,225,23
2721,7,227,24
2657,7,221,31
2681,9,221,33
2661,11,219,24
2673,5,220,27
2669,6,222,26
2661,5,219,28
2673,7,225,29
2669,7,225,30
2669,8,223,31
2665,5,230,30
2657,7,226,29
2669,8,227,30
2661,7,225,27
2661,7,222,30
2669,8,218,33
2661,8,217,34
2673,2,233,37
2669,-2,233,35
2681,3,225,37
2669,6,220,37
2669,13,220,34
2717,14,223,32
2721,13,223,33
2713,19,215,29
2717,15,224,35
2709,11,217,38
2669,15,222,41
2717,18,211,34
2713,11,221,34
2661,2,224,36
2681,1,231,39
2673,0,231,41
2673,3,230,39
2669,5,228,38
2661,8,234,34
2669,7,230,33
2661,8,231,32
2661,14,217,34
2713,9,220,32
2669,10,223,28
2673,8,220,41
2661,17,221,34
2729,12,217,30
2673,11,218,32
2661,11,219,34
2669,9,221,35
2657,13,218,32
2725,11,221,35
2673,9,223,35
2669,7,227,32
2669,6,227,34
2661,7,223,35
2669,10,224,29
2673,8,215,29
2661,16,216,31
2725,7,226,25
2665,9,218,32
2669,11,220,31
2673,12,218,33
2661,9,224,32
2685,11,226,33
2661,11,224,33
2669,9,225,32
2665,14,221,35
2713,19,223,33
2721,17,216,36
2717,13,219,33
2713,9,220,40
2677,15,219,37
2721,11,218,36
2661,8,220,35
2669,6,220,34
2661,7,225,35
2673,5,220,34
2673,7,217,34
2657,4,226,38
2669,2,224,35
2669,5,224,34
2665,9,223,36
2673,1,231,43
2677,-5,240,34
2673,2,228,36
2673,-3,236,32
2677,-2,226,38
2689,2,228,33
2673,-1,227,34
2689,2,226,29
2685,4,229,29
2661,3,231,28
2673,3,230,31
2665,5,225,33
2673,7,224,32
2665,7,226,29
2661,7,222,34
2669,14,217,37
2717,5,229,25
2669,8,220,27
2661,7,224,31
2657,8,222,31
2669,6,224,31
2661,9,222,32
2669,1,229,34
2677,4,229,34
2665,2,226,31
2677,2,228,33
2677,1,236,29
2673,-1,231,33
2685,-1,230,32
2673,5,228,29
2677,9,223,31
2665,3,229,29
2669,3,223,34
2673,2,224,33
2677,7,227,29
2677,7,222,29
2673,8,224,31
2665,7,223,30
2665,6,224,28
2657,7,222,27
2669,8,222,32
2669,10,221,37
2661,9,227,28
2669,10,225,32
2661,5,227,27
2673,8,233,29
2661,8,234,29
2665,6,232,31
2665,4,229,32
2665,2,231,32
2681,4,227,29
2673,2,224,29
2669,4,217,28
2665,5,225,25
2661,5,220,27
2669,9,218,19
2669,8,222,27
2665,2,228,36
2677,1,233,26
2673,5,228,28
2669,11,223,27
2669,6,230,28
2661,8,228,27
2673,7,224,25
2661,13,219,24
2721,9,224,29
2665,14,218,29
2717,15,226,23
2725,17,220,30
2721,6,217,29
2657,9,222,25
2669,12,217,22
2665,21,205,31
2717,18,219,28
2725,18,219,29
2717,15,216,32
2713,11,217,31
2677,10,213,29
2661,12,210,29
2677,3,221,33
2661,5,226,33
2665,12,222,35
2669,7,228,36
2657,12,223,32
2673,11,225,26
2661,18,220,30
2721,11,227,35
2669,10,225,31
2661,10,221,30
2673,9,219,29
2673,6,224,31
2661,6,226,29
2673,7,230,29
2661,8,227,25
2677,10,219,30
2665,2,229,37
2669,8,229,37
2661,8,230,35
2669,4,214,33
2669,-3,229,31
2681,0,227,34
2681,2,227,32
2677,3,225,33
2661,3,225,31
2673,2,225,29
2685,3,220,33
2661,8,218,32
2673,5,221,32
2661,8,227,33
2669,6,228,31
2665,10,215,32
2657,8,220,33
2673,8,231,42
2665,9,221,35
2661,8,221,41
2669,6,219,38
2661,5,222,40
2677,4,226,36
2661,4,224,40
2669,5,219,39
2669,4,215,33
2661,3,226,37
2673,10,215,38
2665,2,220,42
2677,0,224,41
2677,6,222,36
2665,-3,226,24
2681,4,222,33
2673,0,226,30
2669,-2,230,32
2681,-2,226,31
2673,-4,229,29
2677,-2,228,32
2677,-6,228,35
2677,-1,225,29
2673,-5,225,32
2677,2,218,28
2677,3,221,30
2661,4,229,35
2657,-1,228,29
2689,0,234,25
2669,1,229,30
2677,0,229,28
2681,3,228,29
2661,5,224,31
2677,4,227,31
2661,4,226,28
2657,8,222,30
2669,5,232,31
2657,14,225,31
2729,14,227,30
2721,19,228,29
2713,14,220,33
2725,7,225,26
2669,12,224,28
2665,15,217,24
2725,18,217,25
2713,16,217,23
2721,18,215,25
2717,15,218,26
2721,14,217,28
2721,12,217,30
2665,8,223,25
2657,12,230,27
2673,10,221,28
2657,8,229,35
2677,0,231,41
2677,7,236,31
2661,8,227,31
2681,5,228,31
2669,3,227,29
2661,5,222,31
2669,5,222,27
2661,6,221,29
2677,10,220,27
2673,8,216,32
2661,10,221,25
2669,5,226,21
2657,12,224,27
2673,15,224,28
2717,7,229,28
2661,5,227,25
2669,3,223,29
2661,4,225,30
2665,4,229,30
2669,2,226,29
2669,1,225,33
2681,2,228,28
2677,2,229,33
2681,1,233,27
2685,-5,226,29
2677,5,212,32
2681,2,229,37
2685,8,227,38
2665,7,220,27
2669,8,219,27
2661,6,221,26
2677,6,226,29
2665,7,224,26
2657,8,224,27
2673,11,221,28
2661,13,218,32
2721,13,221,32
2725,8,223,35
2665,3,223,36
2685,10,225,28
2661,8,222,33
2665,10,221,29
2669,17,220,33
2713,15,223,32
2729,12,222,32
2669,15,220,31
2713,12,222,31
2673,12,220,33
2665,11,215,32
2661,10,222,32
2673,11,221,34
2661,7,228,34
2677,8,223,36
2661,4,234,39
2669,8,231,32
2669,5,226,33
2661,1,228,34
2689,4,227,32
2657,4,223,29
2673,3,224,30
2673,2,227,28
2673,3,225,31
2677,4,225,35
2661,5,224,33
2661,7,220,35
2669,7,223,27
2661,7,220,30
2677,0,220,34
2677,9,224,31
2665,6,223,31
2673,12,215,33
2661,9,224,31
2673,7,224,32
2669,5,220,32
2665,5,222,33
2673,4,223,28
2661,4,221,31
2669,3,224,32
2669,-3,233,30
2669,2,231,26
2681,5,213,28
2661,7,226,34
2669,5,216,30
2673,-2,225,33
2669,8,217,30
2669,5,220,28
2665,5,222,30
2661,4,224,28
2669,6,222,26
2665,8,219,26
2673,5,221,31
2661,7,229,29
2669,1,231,33
2673,7,221,34
2665,10,222,40
2661,3,224,31
2661,4,233,26
2673,4,237,23
2681,5,228,26
2665,5,224,29
2677,4,225,27
2665,5,223,31
2661,5,227,30
2669,3,228,29
2657,7,227,27
2673,5,225,30
2657,2,223,29
2677,6,221,28
2669,2,236,35
2673,1,230,31
2677,4,227,30
2677,4,224,28
2669,6,220,36
2673,7,220,31
2657,9,224,29
2673,8,221,32
2661,8,224,30
2661,9,225,28
2669,9,224,27
2661,12,221,30
2673,12,219,26
2669,14,217,30
2709,8,220,38
2673,10,218,29
2661,13,221,27
2717,11,224,25
2681,6,230,26
2661,10,222,27
2677,7,223,29
2665,9,225,27
2665,9,222,31
2673,9,222,29
2661,9,221,30
2681,9,224,29
2665,6,222,28
2661,8,223,28
2669,11,222,22
2661,9,213,25
2673,2,227,26
2677,6,228,23
2661,7,227,32
2673,11,221,30
2661,7,224,30
2677,5,221,31
2669,4,217,27
2669,3,224,27
2673,7,225,26
2665,3,226,26
2673,8,225,27
2669,3,228,27
2661,0,232,25
2681,-3,237,38
2669,7,231,27
2669,7,224,31
2661,4,227,28
2657,7,222,35
2669,8,223,28
2665,6,225,30
2661,5,222,27
2673,5,219,30
2661,1,223,29
2677,3,220,32
2665,2,231,31
2673,2,231,35
2677,7,227,31
2665,11,223,34
2673,9,224,29
2661,-4,231,32
2685,7,220,33
2677,6,221,33
2669,5,223,33
2681,4,220,30
2669,6,223,29
2669,4,224,32
2673,5,224,33
2661,5,227,32
2681,6,226,30
2661,7,223,31
2669,4,221,35
2673,6,223,33
2661,4,225,33
2677,8,222,35
2673,11,218,31
2661,7,223,36
2669,8,222,32
2661,9,218,32
2677,8,223,32
2669,5,226,30
2661,6,225,29
2673,5,227,27
2661,7,226,28
2677,3,223,32
2669,7,221,31
2661,8,222,30
2673,6,223,24
2657,7,222,34
2673,1,223,34
2681,5,222,30
2661,6,224,30
2673,3,225,32
2661,3,225,32
2669,3,225,31
2665,4,224,27
2657,5,221,27
2673,1,227,30
2669,0,228,27
2681,8,234,30
2661,4,222,30
2661,4,227,23
2669,19,222,21
2709,6,222,29
2669,8,227,28
2669,8,225,29
2661,8,224,26
2673,7,220,31
2657,6,224,29
2669,8,219,30
2673,6,223,28
2657,3,222,35
2677,7,222,26
2661,11,213,29
2669,19,214,30
2717,13,223,29
2717,7,226,27
2673,9,220,36
2669,9,224,36
2661,8,224,33
2665,11,225,30
2657,9,228,31
2669,13,225,31
2717,12,223,30
2661,11,223,31
2677,8,227,31
2669,14,221,29
2717,8,221,31
2669,13,218,28
2709,17,224,32
2721,9,214,32
2673,8,230,32
2661,7,223,28
2669,9,223,31
2661,9,223,34
2673,7,226,33
2677,6,224,30
2661,4,225,30
2677,-3,228,34
2669,0,232,31
2677,0,232,31
2681,6,223,23
2661,6,218,28
2677,4,232,25
2669,6,225,24
2657,0,229,31
2681,3,226,31
2657,4,227,28
2669,3,228,28
2665,3,226,32
2661,4,225,31
2669,3,223,35
2657,9,225,29
2669,11,224,33
2669,9,227,35
2657,0,242,34
2681,7,225,23
2665,6,228,36
2677,5,221,28
2669,5,223,29
2661,9,221,32
2665,8,222,30
2661,7,225,31
2673,5,224,30
2665,9,218,30
2657,8,219,30
2669,10,219,30
2661,11,218,30
2669,6,223,31
2669,18,221,27
2713,10,219,31
2673,6,218,27
2665,9,219,40
2669,5,224,36
2681,5,223,33
2669,4,223,33
2677,4,223,34
2661,7,222,34
2661,5,221,34
2669,5,224,37
2665,5,229,32
2677,1,230,35
2677,5,217,33
2669,6,236,25
2661,7,224,28
2657,13,219,32
2725,5,226,25
2669,6,218,34
2665,6,222,31
2661,5,223,31
2661,6,226,31
2673,3,226,31
2665,4,226,30
2657,6,226,30
2673,10,223,29
2661,3,226,33
2665,1,233,31
2677,7,223,30
2661,4,230,31
2673,2,229,29
2673,7,227,25
2673,3,234,27
2661,5,224,29
2665,5,220,31
2669,5,224,31
2657,6,224,29
2669,6,223,30
2665,7,225,31
2657,3,228,30
2669,5,228,32
2657,6,228,33
2669,-1,227,29
2681,5,222,36
2665,12,232,20
2673,12,223,27
2661,8,224,28
2661,6,222,28
2673,10,221,29
2665,11,224,30
2673,9,220,29
2657,8,220,30
2669,6,221,30
2673,8,221,30
2669,6,222,32
2677,9,218,28
2665,1,225,32
2677,4,225,33
2669,2,222,23
2669,2,223,28
2685,3,228,29
2669,7,224,30
2665,6,225,28
2669,5,222,28
2657,5,224,28
2673,5,224,30
2669,6,222,29
2657,5,228,26
2669,7,220,28
2661,11,221,29
2673,8,220,32
2669,9,221,33
2661,5,225,30
2669,5,228,30
2661,5,222,36
2673,6,225,34
2665,7,221,31
2657,6,225,34
2669,8,230,31
2661,10,226,31
2673,7,224,32
2661,5,222,34
2669,6,222,33
2673,7,222,28
2661,9,224,32
2673,12,217,40
2673,5,221,27
2657,11,216,31
2669,7,226,28
2657,6,219,32
2669,2,226,31
2677,5,223,32
2665,2,228,32
2681,6,224,31
2665,8,227,31
2661,8,225,30
2669,7,224,30
2661,6,222,28
2669,5,225,29
2665,2,234,32
2677,3,233,29
2665,3,229,30
2657,7,225,25
2669,4,228,29
2661,3,230,31
2665,4,223,28
2665,5,221,29
2657,5,225,31
2673,6,224,28
2661,6,222,31
2661,7,225,31
2665,5,218,31
2661,2,215,34
2681,10,222,32
2661,1,232,32
2673,5,229,32
2673,4,226,29
2657,8,217,28
2677,8,221,31
2661,8,222,30
2669,8,223,27
2673,6,224,27
2657,7,219,31
2677,6,222,30
2661,8,221,30
2665,10,222,38
2669,12,216,33
2669,9,226,34
2669,13,217,31
2717,9,219,28
2661,6,223,26
2673,6,221,35
2661,8,221,29
2673,8,224,29
2669,7,226,30
2661,5,220,30
2665,5,222,32
2657,5,224,31
2669,8,222,30
2669,4,224,34
2661,4,220,36
2661,9,222,33
2657,4,230,33
2681,7,221,32
2661,0,228,29
2673,5,219,33
2673,4,227,29
2661,2,224,33
2677,3,226,31
2669,2,227,34
2669,0,226,30
2677,4,225,30
2665,0,229,31
2677,-1,225,30
2681,-1,224,33
2677,3,222,28
2677,1,226,30
2673,3,226,38
2673,5,242,30
2665,4,222,25
2657,5,221,26
2677,6,223,28
2665,7,221,27
2665,7,225,30
2669,7,222,30
2661,8,223,29
2681,10,219,29
2661,10,217,30
2657,9,222,34
2669,7,228,34
2661,4,223,37
2681,8,227,33
2665,1,224,30
2669,7,217,31
2673,11,221,31
2661,7,218,32
2677,5,222,32
2669,3,222,36
2665,5,226,33
2669,8,223,30
2661,5,224,31
2669,5,220,31
2665,0,229,31
2673,4,226,35
2665,4,223,31
2661,7,224,34
2669,-1,226,31
2681,4,223,36
2661,4,226,30
2669,1,226,30
2669,7,227,30
2677,6,228,27
2669,8,220,28
2657,5,221,32
2669,5,225,30
2657,5,225,30
2669,2,227,31
2673,7,221,28
2669,5,225,35
2673,3,223,25
2657,14,217,27
2725,8,223,30
2665,6,217,29
2657,5,227,26
2677,6,224,27
2661,6,223,28
2657,4,223,26
2669,3,225,27
2661,4,223,29
2685,5,225,31
2669,6,216,31
2661,7,227,28
2669,5,231,29
2661,6,227,29
2681,16,220,25
2713,3,220,29
2665,10,224,30
2669,7,228,28
2661,9,223,29
2669,6,223,32
2665,6,220,27
2657,3,217,27
2669,2,220,28
2665,6,222,32
2673,12,232,28
2669,13,238,30
2713,9,238,27
2673,2,230,31
2673,-9,233,40
2733,-10,223,29
2729,1,225,31
2669,4,228,31
2673,9,227,29
2673,6,226,30
2657,7,225,34
2669,4,221,33
2661,5,227,29
2669,4,221,36
2677,9,221,28
2661,8,230,26
2677,5,226,29
2665,2,227,29
2677,7,223,38
2669,3,231,35
2657,5,221,30
2673,7,220,30
2661,9,219,31
2669,9,221,30
2673,9,217,29
2661,9,221,30
2677,9,221,27
2681,5,227,29
2669,6,220,35
2673,4,224,35
2661,5,230,31
2681,7,226,25
2669,5,224,35
2661,1,229,32
2677,3,221,35
2661,2,226,31
2685,3,226,30
2673,3,228,30
2661,5,226,28
2661,3,227,27
2657,4,225,32
2669,2,226,31
2677,10,221,30
2661,2,225,28
2677,-1,233,34
2677,10,219,32
2665,4,229,29
2669,6,224,27
2665,7,220,32
2665,5,223,32
2661,4,223,33
2669,4,224,35
2677,3,233,33
2661,1,228,31
2693,2,231,38
2669,3,231,33
2669,2,236,36
2677,8,229,31
2657,1,227,34
2685,6,221,34
2673,-7,235,34
2717,-3,233,29
2685,2,230,29
2669,3,231,26
2673,3,228,28
2661,5,228,28
2665,9,230,28
2673,6,230,28
2657,8,220,27
2669,9,220,25
2669,13,213,29
2713,14,211,28
2729,18,220,26
2717,22,212,24
2713,15,219,30
2717,18,216,28
2725,17,220,29
2717,13,227,31
2717,12,224,33
2669,14,223,34
2721,13,224,36
2721,9,226,40
2669,8,229,49
2673,-1,240,46
2677,-1,242,48
2669,0,239,40
2677,3,238,49
2657,-5,235,44
2677,-10,235,49
2733,-12,230,52
2717,-14,229,47
2737,-11,226,48
2729,-12,224,51
2725,-11,244,52
2737,-15,237,45
2725,-15,243,53
2717,-4,231,45
2685,2,222,41
2681,0,221,44
2669,2,221,45
2673,7,213,41
2661,7,214,43
2669,13,215,46
2721,13,208,45
2713,15,206,48
2721,19,204,45
2725,20,199,49
2713,12,199,48
2669,10,200,50
2657,9,204,53
2677,9,203,61
2669,14,206,58
2713,12,212,57
2685,12,213,54
2661,10,208,58
2661,9,213,58
2669,5,218,61
2665,0,215,64
2685,-2,218,65
2685,0,223,63
2673,-3,224,64
2685,-3,230,65
2673,-7,239,74
2725,-14,241,73
2729,15,255,86
2717,117,303,130
2833,64,347,121
2773,89,449,177
2773,71,417,178
2765,-5,328,152
2733,-56,265,165
2773,-49,220,181
2773,-34,216,166
2789,-40,284,143
2785,-8,272,144
2777,14,265,146
2769,30,265,141
2773,46,277,128
2769,61,278,119
2765,56,260,123
2781,45,251,139
2769,46,245,139
2761,43,238,150
2777,42,241,145
2769,39,233,140
2765,35,240,137
2773,31,232,142
2769,21,233,147
2769,23,225,145
2757,14,248,152
2781,19,233,151
2777,7,238,152
2717,4,236,152
2721,3,237,153
2725,3,234,151
2709,3,231,153
2721,4,230,153
2717,3,231,148
2713,0,232,154
2737,7,228,157
2725,2,241,146
2721,18,216,150
2781,10,227,142
2721,10,224,140
2721,10,222,139
2729,5,223,144
2717,6,223,141
2709,2,223,143
2733,0,226,133
2733,0,216,135
2725,-14,226,141
2789,-9,221,139
2781,-20,214,138
2769,-15,212,138
2773,-12,213,138
2781,-15,215,139
2777,-10,212,135
2773,-11,212,136
2781,-13,215,144
2777,-16,216,142
2773,-17,218,145
2785,-10,213,140
2785,-12,214,141
2781,-15,212,135
2777,-19,213,133
2777,-20,205,133
2777,-20,201,132
2773,-25,209,131
2785,-22,212,125
2773,-31,202,121
2773,-54,250,96
2729,-41,236,100
2725,3,202,120
2717,26,161,131
2773,33,112,130
2781,28,99,142
2721,32,120,124
2765,27,153,108
2769,22,190,92
2717,6,218,74
2661,2,209,72
2681,4,192,77
2657,11,178,86
2669,6,181,96
2669,2,189,97
2669,3,189,94
2673,7,196,88
2665,2,217,89
2677,12,190,83
2665,0,204,86
2677,8,192,85
2673,18,187,81
2713,17,201,75
2717,27,203,72
2721,29,203,71
2717,26,212,69
2721,31,209,65
2717,32,212,62
2713,25,210,63
2721,17,217,60
2717,12,224,60
2661,13,219,58
2725,18,223,53
2721,27,220,49
2713,28,227,45
2737,25,235,37
2717,27,237,31
2713,27,244,29
2725,25,247,31
2717,23,246,31
2717,21,247,20
2717,20,251,20
2717,19,247,17
2713,12,244,9
2625,-3,250,3
2621,-2,236,7
2637,-10,216,-3
2693,-7,206,-12
2745,-2,196,-14
2693,5,191,-18
2681,8,189,-19
2685,16,185,-26
2745,24,187,-26
2729,38,188,-31
2745,38,188,-30
2745,52,185,-30
2733,62,179,-27
2741,67,187,-28
2741,66,195,-29
2729,61,200,-27
2737,55,204,-26
2737,46,211,-24
2729,34,217,-20
2741,31,217,-19
2737,11,227,-21
2677,4,231,-22
2693,0,229,-9
2697,-7,239,-8
2741,-13,267,-8
2761,-10,270,-6
2701,-8,270,-6
2693,-8,273,-10
2749,-8,266,-11
2745,-6,257,-10
2697,-2,252,-19
2701,-2,251,-16
2693,-2,237,-24
2689,3,228,-25
2685,-8,220,-31
2741,-20,211,-36
2753,-22,202,-39
2745,-24,190,-37
2741,-18,178,-39
2745,-16,175,-38
2741,2,165,-47
2693,6,166,-54
2685,15,167,-49
2737,24,162,-52
2741,31,153,-40
2741,28,156,-38
2741,35,159,-38
2733,39,167,-34
2737,42,175,-32
2737,43,185,-27
2733,43,193,-25
2741,44,202,-25
2741,47,212,-14
2733,44,219,-7
2737,31,231,-5
2685,32,229,-8
2733,25,246,-4
2689,22,244,-4
2689,17,247,-8
2737,11,248,-9
2685,3,251,-13
2689,3,241,-18
2681,5,239,-20
2705,8,232,-23
2681,2,227,-27
2693,7,223,-36
2685,11,214,-39
2685,10,202,-43
2689,16,203,-46
2741,18,197,-48
2737,18,194,-47
2741,22,191,-46
2741,29,194,-42
2737,33,193,-41
2741,29,203,-41
2745,27,209,-44
2737,27,218,-40
2737,16,231,-41
2741,26,224,-36
2729,28,228,-34
2741,31,228,-34
2741,26,231,-36
2737,18,231,-40
2737,10,232,-34
2685,0,233,-39
2693,-3,225,-47
2701,-7,225,-42
2745,-7,222,-50
2741,-6,223,-57
2709,-4,214,-61
2697,-1,212,-62
2693,-1,216,-60
2697,-3,215,-57
2689,0,215,-60
2693,5,219,-54
2685,2,222,-55
2693,-1,234,-54
2705,-11,246,-54
2749,-10,239,-46
2741,-19,237,-44
2753,-20,239,-52
2757,-30,237,-43
2745,-14,231,-39
2745,8,224,-43
2685,18,209,-44
2733,19,207,-41
2741,18,205,-39
2749,20,208,-42
2729,22,205,-40
2741,24,206,-42
2741,25,203,-42
2733,27,206,-38
2737,19,219,-35
2733,15,225,-32
2733,15,234,-28
2745,12,237,-29
2693,11,246,-27
2685,2,246,-23
2705,6,252,-20
2685,-6,261,-13
2693,-1,253,-15
2697,1,247,-10
2689,4,255,-14
2689,2,261,-15
2701,5,256,-12
2685,4,254,-11
2693,12,248,-8
2693,13,247,-7
2729,13,241,-8
2745,10,243,-7
2689,7,244,-9
2677,4,248,-10
2685,-2,232,-4
2633,-4,236,-3
2641,-9,232,-10
2745,-13,223,-11
2745,-19,225,-11
2753,-23,219,-11
2753,-19,216,-13
2737,-16,215,-12
2745,-12,219,-11
2757,-14,222,-7
2737,-3,221,-9
2697,5,215,-5
2641,-3,232,-9
2697,9,222,-1
2645,5,226,-3
2625,0,235,2
2645,4,235,3
2629,4,242,2
2621,4,243,7
2629,5,246,6
2613,10,250,9
2629,10,252,12
2625,18,253,13
2725,18,254,11
2677,25,247,16
2709,27,249,22
2729,24,256,14
2717,24,255,21
2713,21,258,24
2717,26,255,23
2721,20,259,20
2709,16,259,24
2725,11,261,25
2665,6,264,28
2673,6,259,30
2677,9,259,28
2661,7,256,26
2677,1,261,24
2673,12,237,23
2669,2,244,25
2677,-2,240,23
2673,-8,227,15
2737,-10,224,14
2721,-11,226,17
2725,-9,223,16
2741,-3,224,20
2673,3,227,18
2669,1,230,12
2629,0,233,13
2669,-1,240,16
2685,2,232,17
2681,1,234,27
2673,4,237,22
2669,4,231,24
2661,18,242,24
2721,27,238,29
2725,28,242,30
2717,31,248,32
2721,28,254,32
2721,29,255,38
2713,30,260,35
2725,30,260,42
2725,29,261,44
2713,33,259,37
2733,40,253,33
2717,48,250,34
2717,53,247,36
2733,57,245,33
2717,58,243,32
2713,60,240,29
2721,62,242,29
2717,63,238,31
2713,70,246,34
2721,74,245,30
2717,89,246,28
2717,91,255,35
2725,82,259,39
2713,78,265,41
2721,71,264,44
2721,68,263,43
2717,67,261,46
2721,69,262,44
2725,71,259,44
2713,67,270,48
2713,77,274,55
2729,68,267,45
2709,82,275,38
2725,86,273,35
2717,88,275,38
2713,89,277,42
2725,91,278,42
2721,90,276,43
2717,91,274,44
2725,91,282,46
2717,97,274,43
2713,94,276,53
2717,98,256,48
2717,108,267,45
2777,111,252,46
2785,110,244,47
2781,114,229,51
2773,120,219,56
2773,130,214,55
2777,139,209,52
2789,151,203,50
2773,162,187,43
2777,163,198,40
2781,159,178,33
2777,154,179,30
2785,142,181,27
2781,134,168,28
2777,126,161,24
2781,121,160,30
2777,114,169,16
2781,101,180,20
2713,98,175,17
2729,82,182,24
2721,82,191,27
2713,79,196,32
2729,80,201,32
2721,78,208,39
2717,77,208,38
2717,75,214,38
2717,69,223,42
2713,65,223,48
2717,69,217,38
2713,67,219,38
2717,60,198,46
2717,55,197,43
2709,52,201,38
2717,56,198,33
2725,54,201,29
2717,48,204,29
2721,51,199,30
2721,44,205,33
2713,45,210,33
2729,49,202,32
2713,41,210,33
2717,46,209,33
2721,47,211,34
2721,45,212,36
2713,51,210,35
2733,49,210,36
2717,52,204,35
2713,55,203,32
2725,48,203,28
2717,49,206,28
2721,45,211,30
2717,46,203,24
2721,45,201,33
2713,46,203,31
2717,52,204,32
2709,53,201,33
2717,59,202,32
2717,64,205,24
2713,50,209,27
2721,46,206,33
2721,56,195,33
2713,57,187,40
2717,63,188,36
2721,75,191,37
2713,77,190,38
2721,81,193,40
2725,80,196,37
2713,83,200,38
2729,91,188,36
2721,84,189,35
2713,87,197,41
2733,78,204,35
2717,67,218,38
2713,59,222,41
2725,48,226,49
2725,41,237,51
2717,33,243,49
2717,20,250,45
2721,12,248,43
2657,-3,251,42
2685,-9,242,40
2721,-9,232,32
2725,-19,237,23
2737,-21,240,24
2725,-17,235,23
2733,-18,221,18
2741,-15,223,19
2721,-6,219,17
2677,0,216,18
2673,5,210,16
2669,13,216,11
2673,16,220,9
2665,19,210,10
2673,13,202,22
2721,14,197,23
2713,13,206,25
2737,19,205,25
2721,19,213,28
2713,25,219,32
2733,25,227,32
2721,24,230,33
2717,21,229,33
2725,18,235,41
2717,17,238,39
2717,11,248,39
2665,9,237,43
2661,4,244,41
2673,4,237,33
2673,2,231,28
2677,0,232,27
2693,-3,233,23
2673,-5,232,24
2681,-2,230,23
2677,-5,228,23
2669,-6,225,27
2689,-5,228,23
2681,-11,234,26
2725,-1,229,20
2677,-13,232,21
2737,-11,239,20
2721,-6,240,26
2681,-11,240,16
2725,-5,232,25
2677,-5,235,27
2677,-4,233,26
2673,1,239,25
2685,11,228,25
2669,21,221,33
2713,30,224,37
2717,52,219,35
2713,68,220,33
2721,90,218,37
2725,92,239,41
2709,88,223,33
2717,89,208,42
2717,87,214,41
2705,84,211,37
2721,86,206,39
2729,86,210,38
2713,84,220,33
2725,74,221,27
2721,73,222,31
2713,63,226,37
2729,57,219,36
2713,28,236,32
2713,9,242,31
2677,0,243,40
2669,-13,246,41
2733,-19,247,42
2733,-23,252,40
2725,-29,254,38
2725,-30,257,35
2729,-38,258,35
2725,-37,247,28
2729,-44,229,36
2729,-48,219,28
2717,-45,215,29
2737,-38,212,28
2729,-29,214,33
2717,-18,216,32
2725,-14,219,34
2729,-14,221,33
2717,-19,221,31
2737,-17,216,31
2725,-19,219,30
2725,-29,217,31
2729,-31,210,37
2733,-26,210,36
2717,-30,210,40
2729,-34,206,39
2737,-36,206,37
2721,-37,210,35
2729,-38,213,34
2737,-43,206,36
2721,-49,214,37
2733,-37,198,32
2725,-33,201,34
2721,-28,198,31
2741,-37,205,30
2737,-52,217,28
2721,-63,227,27
2733,-75,230,26
2729,-78,229,25
2717,-76,230,23
2737,-73,230,22
2729,-80,243,27
2729,-78,241,26
2737,-74,248,32
2721,-79,251,33
2729,-76,248,32
2733,-76,241,35
2729,-67,242,38
2725,-64,243,40
2737,-56,245,39
2725,-52,249,44
2725,-50,257,43
2737,-46,262,37
2725,-37,251,39
2717,-34,246,38
2745,-24,232,38
2721,-17,221,34
2725,-14,220,30
2737,-19,225,27
2729,-22,220,24
2721,-27,216,27
2745,-30,209,25
2721,-38,222,27
2725,-36,229,29
2737,-48,221,25
2737,-49,222,23
2721,-53,225,22
2729,-53,224,25
2729,-51,221,23
2721,-49,217,24
2733,-44,207,19
2725,-47,210,18
2725,-44,200,25
2729,-49,201,24
2733,-48,213,27
2729,-39,211,25
2721,-26,212,28
2729,-18,213,29
2721,-12,215,33
2725,-10,218,34
2733,-10,217,37
2721,-11,223,36
2729,-5,226,44
2669,12,232,49
2673,6,220,40
2677,16,225,43
2709,34,222,51
2725,43,224,54
2721,50,228,54
2713,58,233,59
2729,65,237,56
2721,64,247,60
2717,68,251,61
2725,69,247,61
2721,63,254,57
2713,70,250,52
2717,61,250,56
2725,46,245,52
2713,43,242,51
2717,41,244,49
2717,37,242,48
2717,33,234,48
2717,29,232,47
2713,28,228,44
2725,36,215,37
2721,36,237,43
2709,35,224,37
2717,51,219,34
2725,56,205,31
2713,57,204,35
2725,59,208,36
2717,58,210,40
2713,57,217,40
2733,55,217,38
2721,43,219,40
2713,37,223,40
2725,32,220,38
2725,37,203,40
2709,25,219,43
2717,20,214,38
2717,19,220,39
2713,14,221,40
2717,13,228,36
2717,6,223,33
2665,5,220,32
2669,6,212,27
2669,2,217,30
2685,8,211,31
2669,-2,211,27
2673,1,212,22
2677,-1,216,28
2677,-1,216,21
2681,3,217,21
2665,2,217,22
2673,0,220,25
2681,5,221,25
2661,3,220,30
2661,3,216,28
2669,5,219,28
2661,4,212,29
2661,9,208,27
2657,14,209,29
2717,19,205,25
2725,19,214,30
2717,16,214,31
2725,27,208,34
2721,33,205,33
2717,36,209,33
2725,39,208,36
2721,45,212,36
2713,39,217,42
2733,39,220,37
2721,35,221,38
2713,39,217,39
2729,28,221,37
2725,29,224,43
2709,33,224,40
2721,30,229,40
2721,25,235,38
2713,23,241,41
2721,15,240,45
2717,19,245,46
2717,16,241,45
2717,8,245,43
2661,17,243,49
2717,18,241,44
2725,16,237,42
2713,18,246,44
2721,17,246,39
2717,21,241,42
2709,21,238,46
2733,22,240,44
2717,27,242,47
2713,32,242,45
2725,41,245,47
2721,46,249,44
2717,45,249,42
2729,38,253,46
2721,47,245,49
2709,45,251,44
2717,43,247,45
2721,43,247,45
2717,42,241,42
2721,45,241,41
2717,47,236,43
2725,44,247,37
2729,49,243,30
2713,48,233,32
2717,45,224,35
2725,41,224,35
2709,40,224,33
2717,38,235,32
2717,38,232,32
2713,39,239,30
2725,39,239,24
2717,44,238,24
2705,42,241,26
2733,45,237,22
2721,54,222,32
2713,54,236,30
2725,54,247,26
2721,62,239,26
2713,60,242,23
2729,61,245,25
2721,62,244,23
2717,59,244,22
2717,61,239,26
2721,62,247,16
2713,64,243,14
2721,64,251,17
2713,64,256,8
2673,61,248,13
2725,58,251,9
2673,53,255,6
2677,56,255,6
2681,56,260,6
2661,55,269,6
2677,58,266,5
2665,61,265,3
2677,58,261,-5
2701,59,263,-6
2685,53,255,-7
2745,51,254,-9
2741,54,243,-16
2725,56,256,-15
2753,62,257,-18
2737,63,261,-21
2737,59,263,-17
2753,55,263,-22
2733,49,271,-23
2737,48,275,-24
2745,48,269,-27
2745,47,269,-28
2737,49,261,-29
2741,44,267,-38
2741,40,260,-37
2729,39,252,-37
2741,36,247,-39
2733,36,239,-40
2741,43,226,-48
2737,39,230,-50
2737,40,223,-51
2733,48,227,-49
2737,52,217,-58
2737,48,208,-57
2737,57,203,-59
2741,56,198,-58
2737,60,196,-62
2737,58,192,-63
2741,55,195,-64
2737,54,201,-63
2733,46,215,-65
2733,41,222,-59
2745,34,234,-64
2729,24,234,-60
2733,18,235,-59
2745,15,228,-62
2733,21,224,-63
2737,21,216,-65
2737,21,211,-69
2749,28,211,-71
2733,24,198,-71
2737,26,201,-77
2733,25,193,-75
2733,17,188,-73
2737,28,185,-76
2741,32,184,-77
2729,37,186,-78
2737,41,186,-75
2737,49,186,-71
2737,51,191,-75
2737,58,189,-71
2741,61,171,-62
2729,51,187,-70
2737,57,196,-63
2741,61,197,-62
2733,58,195,-60
2749,55,199,-58
2733,53,199,-55
2737,53,197,-54
2749,56,201,-53
2737,55,196,-53
2733,49,200,-51
2745,58,190,-56
2733,51,194,-52
2737,55,187,-57
2745,55,185,-54
2737,58,186,-52
2733,55,189,-50
2745,54,196,-41
2741,55,207,-42
2729,54,208,-40
2741,51,211,-39
2749,56,209,-40
2729,64,204,-34
2737,64,208,-36
2745,62,203,-33
2737,65,198,-35
2737,64,192,-30
2737,65,185,-31
2737,67,187,-25
2741,74,175,-31
2737,87,177,-30
2729,81,177,-20
2737,98,163,-25
2737,92,159,-19
2737,85,160,-15
2733,80,166,-13
2741,77,173,-10
2733,69,181,-4
2697,68,191,-2
2697,60,202,4
2669,52,214,5
2677,43,219,16
2721,48,224,10
2665,27,227,10
2673,18,233,8
2665,14,234,12
2673,7,228,16
2669,9,229,16
2661,13,225,15
2725,19,223,19
2717,23,221,25
2717,27,215,30
2717,31,217,28
2713,35,212,28
2725,31,207,28
2717,48,203,30
2709,50,203,38
2717,66,199,31
2717,70,199,35
2709,78,203,37
2717,80,203,42
2725,89,206,47
2709,95,207,48
2725,96,212,50
2717,97,224,51
2717,82,233,54
2737,93,236,53
2721,90,234,51
2713,81,225,54
2729,76,227,57
2721,70,228,60
2713,67,231,58
2725,62,241,57
2725,63,247,54
2713,63,249,46
2717,66,241,49
2729,62,248,47
2709,57,243,46
2725,50,233,47
2709,48,225,42
2717,42,236,42
2725,34,240,40
2713,22,240,39
2717,10,246,39
2669,2,243,37
2673,-2,232,42
2693,-13,239,53
2729,-15,223,48
2721,-11,208,46
2733,-5,201,39
2681,7,190,50
2661,18,181,48
2721,26,175,54
2713,32,162,58
2721,39,150,57
2721,39,145,60
2709,45,147,60
2717,47,145,65
2729,46,137,66
2709,52,148,69
2721,54,150,71
2717,36,162,70
2713,30,174,77
2729,34,189,80
2717,39,207,85
2709,42,231,88
2733,39,253,87
2713,38,267,91
2713,33,279,95
2717,32,288,95
2717,24,299,101
2713,20,312,109
2777,22,318,112
2769,4,330,107
2713,2,329,102
2673,2,321,99
2673,1,319,98
2681,2,310,96
2685,1,310,88
2669,3,298,90
2681,0,292,83
2677,1,285,85
2677,-18,292,90
2733,-19,268,65
2721,-23,264,70
2733,-15,228,61
2725,-24,223,59
2717,-25,225,55
2737,-21,220,53
2721,-22,215,48
2725,-25,207,52
2721,-37,209,50
2729,-40,209,47
2721,-31,197,41
2729,-36,192,37
2729,-29,182,24
2717,-26,181,26
2725,-19,186,26
2733,-10,193,32
2717,-5,201,33
2677,-1,214,33
2677,0,219,37
2673,-5,226,36
2681,-10,236,37
2725,-6,240,37
2677,-13,223,38
2725,-11,230,44
2721,5,222,44
2669,6,217,45
2669,13,219,47
2713,21,222,53
2733,30,227,51
2713,40,229,56
2713,46,234,61
2725,56,229,66
2721,53,227,68
2713,58,224,73
2725,65,229,64
2721,58,232,66
2717,60,223,65
2725,56,219,65
2713,55,218,66
2721,48,219,67
2725,48,219,68
2709,46,218,67
2717,39,221,70
2725,41,223,68
2713,45,224,78
2717,40,233,81
2729,36,249,70
2713,40,246,71
2725,35,243,68
2713,33,242,67
2713,32,242,66
2729,31,242,65
2721,35,236,64
2713,39,242,65
2729,39,245,58
2721,33,247,59
2713,38,246,57
2725,31,239,61
2721,29,236,53
2717,31,234,54
2717,26,237,56
2721,25,233,52
2713,28,230,50
2717,33,227,53
2713,35,231,52
2717,32,232,52
2721,38,224,57
2717,35,241,65
2717,44,230,63
2717,36,237,69
2713,35,237,64
2721,34,236,67
2729,32,240,65
2709,24,242,69
2721,19,245,66
2721,17,237,68
2713,24,229,68
2733,19,224,58
2717,26,225,70
2713,29,242,65
2729,23,238,69
2721,18,240,69
2717,20,242,71
2717,15,239,73
2717,18,245,70
2713,16,247,73
2725,14,259,73
2725,16,274,77
2713,16,283,79
2725,12,299,79
2669,3,321,92
2661,6,312,88
2665,2,298,87
2681,4,272,82
2673,2,259,76
2673,-7,243,73
2729,-5,237,65
2677,-2,222,65
2669,-5,226,61
2677,-6,238,59
2677,-2,237,52
2677,-18,247,52
2733,-12,259,52
2729,-5,239,45
2677,8,235,41
2669,14,229,41
2713,21,224,37
2717,28,221,32
2729,25,219,30
2713,33,225,31
2733,42,223,29
2721,44,226,22
2713,44,233,28
2729,42,246,20
2717,47,236,20
2713,48,228,17
2733,48,226,16
2717,48,223,17
2713,47,220,16
2733,46,221,12
2681,47,213,17
2713,41,218,13
2725,39,226,8
2665,28,227,11
2677,35,225,10
2685,36,221,12
2669,30,225,9
2689,25,223,13
2717,25,224,10
2665,23,221,13
2717,19,219,11
2665,21,219,9
2673,18,219,9
2685,19,221,10
2669,17,219,7
2677,17,217,6
2673,13,215,11
2669,17,212,7
2685,5,233,7
2621,9,217,9
2633,3,222,9
2617,15,215,4
2681,16,210,7
2681,13,209,5
2669,13,208,4
2681,16,204,4
2665,12,204,7
2621,13,206,4
2677,14,202,1
2689,11,200,3
2625,6,203,4
2613,14,201,5
2681,5,211,6
2613,8,213,12
2621,1,220,12
2633,-2,216,9
2621,-6,231,11
2625,-3,232,19
2681,-2,235,15
2685,-2,241,17
2681,-3,242,19
2673,-4,242,20
2673,-10,246,23
2729,-3,243,26
2677,-3,249,28
2677,-8,249,14
2721,-2,243,22
2689,-12,249,30
2721,-9,250,23
2725,-9,238,17
2737,-11,242,17
2725,-12,243,15
2725,-10,238,17
2737,-10,240,17
2725,-12,242,18
2721,-8,248,18
2745,-8,252,13
2729,3,236,15
2661,-11,246,17
2729,-3,249,19
2669,-1,244,18
2677,-7,249,21
2729,-12,257,23
2729,-19,259,21
2729,-26,264,24
2733,-29,259,21
2721,-36,262,19
2729,-38,252,21
2729,-42,252,26
2725,-54,253,24
2721,-49,260,21
2737,-49,239,15
2725,-49,235,17
2737,-50,228,15
2737,-47,223,16
2721,-44,221,11
2677,-44,223,9
2677,-41,223,9
2677,-42,219,13
2721,-42,221,12
2681,-39,229,11
2677,-38,214,8
2677,-38,227,7
2669,-39,223,11
2689,-36,221,7
2681,-34,225,10
2673,-34,226,12
2681,-45,234,17
2725,-51,235,16
2733,-53,232,6
2677,-56,242,11
2669,-54,225,13
2733,-60,229,15
2725,-57,226,13
2717,-54,222,14
2741,-52,223,4
2677,-57,223,5
2673,-59,226,5
2677,-63,229,5
2669,-65,230,6
2677,-70,228,8
2689,-67,224,8
2669,-66,230,6
2685,-69,230,0
2705,-69,231,3
2673,-72,235,8
2677,-74,226,-3
2689,-76,226,-6
2693,-72,227,4
2677,-73,224,0
2693,-74,224,1
2693,-65,227,-2
2685,-66,231,-3
2701,-65,242,-7
2753,-59,240,0
2685,-60,240,3
2685,-59,231,6
2685,-71,247,3
2669,-73,248,-2
2701,-69,250,0
2697,-74,247,-5
2689,-68,239,-4
2693,-69,234,-7
2737,-66,240,-4
2697,-74,245,-3
2697,-76,247,-5
2693,-81,242,-8
2753,-87,243,-8
2757,-90,241,-8
2749,-95,239,-10
2749,-95,239,-2
2697,-100,247,3
2729,-92,258,3
2677,-91,258,0
2693,-91,255,5
2673,-94,252,8
2693,-92,258,8
2669,-92,256,5
2677,-92,257,5
2681,-94,245,3
2669,-94,243,5
2685,-84,242,3
2677,-91,259,-1
2693,-85,255,6
2673,-84,262,10
2673,-69,261,11
2681,-67,258,12
2685,-65,257,14
2721,-71,255,13
2737,-81,245,5
2677,-87,233,4
2669,-87,208,-5
2693,-77,188,-10
2741,-71,188,-11
2749,-64,192,-12
2753,-48,182,-20
2745,-53,188,-11
2741,-57,193,-15
2741,-61,196,-8
2745,-63,193,-9
2745,-68,191,-5
2701,-83,200,-1
2697,-94,197,-1
2689,-115,198,1
2761,-132,219,13
2781,-126,207,11
2733,-133,219,6
2741,-140,227,6
2733,-140,227,10
2733,-142,225,13
2789,-137,222,19
2785,-137,224,19
2781,-134,216,30
2781,-129,223,33
2789,-124,229,31
2789,-112,245,29
2777,-106,246,31
2781,-106,238,38
2785,-103,235,39
2777,-99,228,40
2777,-96,222,39
2737,-91,200,37
2721,-97,182,25
2777,-94,183,14
2729,-86,179,2
2689,-56,152,-19
2745,-32,138,-18
2753,-17,136,-18
2745,1,139,-15
2693,13,148,-11
2737,27,151,-8
2737,44,151,0
2701,51,171,9
2677,58,163,13
2713,49,173,21
2725,41,180,14
2717,16,189,21
2717,5,197,27
2677,-5,210,31
2677,-12,221,38
2725,-24,229,44
2721,-32,246,47
2741,-41,253,53
2721,-45,259,64
2729,-47,265,58
2733,-48,272,64
2729,-51,275,52
2729,-30,260,50
2717,-25,264,50
2733,-18,264,48
2725,-23,265,49
2717,-23,259,46
2729,-14,253,48
2729,-5,240,33
2673,24,212,29
2717,52,199,20
2717,72,187,6
2661,93,185,-1
2693,89,148,-12
2737,75,133,-26
2733,68,109,-28
2745,66,93,-29
2693,69,93,-23
2681,78,102,-25
2685,82,123,-24
2737,82,149,-17
2737,86,173,-12
2745,92,178,-6
2693,74,199,0
2689,54,240,19
2717,51,242,25
2721,43,244,26
2721,33,248,29
2725,26,251,30
2713,20,248,27
2721,17,248,32
2717,15,246,29
2717,10,250,26
2677,13,239,17
2721,21,250,26
2709,12,248,14
2669,5,247,11
2613,4,237,-2
2641,5,226,-11
2693,23,203,-25
2733,51,173,-36
2741,78,148,-46
2737,102,134,-52
2733,128,137,-60
2805,143,134,-62
2801,154,134,-59
2789,170,148,-55
2797,173,155,-49
2797,168,175,-43
2801,159,196,-30
2801,150,214,-22
2801,134,243,-12
2801,124,273,-3
2753,119,283,4
2725,105,304,16
2785,64,337,36
2717,61,345,38
2713,54,345,41
2717,46,344,45
2721,48,341,46
2713,47,334,49
2721,56,330,47
2713,61,334,38
2721,77,342,38
2717,74,332,23
2713,79,315,17
2717,73,280,12
2677,71,260,9
2673,66,253,4
2681,70,241,1
2693,78,228,-6
2689,92,223,-14
2737,110,215,-15
2797,128,214,-23
2793,137,206,-25
2809,138,217,-22
2805,132,225,-14
2801,123,221,-2
2745,114,227,1
2749,101,232,6
2673,89,247,8
2669,83,252,14
2721,72,263,14
2713,61,278,19
2717,66,280,19
2721,43,303,19
2717,36,282,17
2721,17,275,30
2725,10,280,31
2665,12,279,27
2673,14,270,25
2721,20,267,22
2713,28,257,16
2725,39,248,16
2717,42,247,11
2673,48,236,17
2725,51,231,11
2669,56,225,10
2669,49,221,1
2693,50,208,-5
2685,49,201,-9
2733,53,192,-8
2741,56,192,-8
2733,65,195,-6
2697,72,204,-2
2689,83,217,-6
2685,78,228,-16
2741,68,243,-12
2729,58,255,4
2673,47,246,11
2681,32,253,13
2721,22,270,27
2729,12,274,29
2665,8,279,31
2669,5,278,30
2665,2,272,36
2673,0,259,22
2685,-2,261,30
2685,2,245,29
2669,2,247,26
2693,-2,254,17
2677,4,248,20
2661,14,233,19
2717,12,243,13
2661,18,247,15
2725,24,241,16
2725,23,232,19
2713,28,235,17
2725,30,235,11
2677,31,236,9
2665,24,230,13
2725,18,231,11
2673,22,216,13
2721,16,222,18
2721,18,222,8
2673,14,227,12
2669,6,233,3
2633,-3,241,7
2625,-12,243,7
2673,-19,239,5
2677,-24,244,4
2685,-30,243,6
2677,-32,248,9
2677,-45,253,21
2721,-52,259,23
2741,-47,247,9
2673,-50,232,4
2677,-51,225,6
2677,-49,212,5
2681,-54,217,10
2677,-47,217,8
2669,-42,216,6
2677,-39,213,5
2673,-35,213,2
2701,-33,208,4
2685,-40,216,10
2669,-37,217,7
2685,-32,212,11
2677,-34,220,6
2673,-25,211,0
2701,-37,220,1
2693,-24,209,8
2681,-15,207,3
2681,-26,211,0
2689,-26,206,3
2677,-26,207,5
2669,-29,209,5
2677,-26,210,7
2677,-22,214,3
2677,-22,219,9
2689,-30,227,1
2693,-29,219,5
2673,-23,224,13
2721,-32,233,5
2673,-34,227,7
2681,-37,224,7
2685,-44,217,2
2693,-43,211,3
2681,-41,208,0
2701,-46,204,2
2689,-44,209,-2
2697,-44,205,-1
2685,-47,211,-5
2693,-48,204,-9
2753,-41,214,8
2669,-51,210,-3
2709,-66,212,5
2673,-53,219,1
2693,-64,228,5
2677,-65,225,5
2669,-67,226,6
2681,-63,226,9
2685,-64,226,8
2669,-61,235,11
2693,-57,230,9
2681,-52,231,16
2721,-53,237,21
2729,-39,228,18
2725,-34,234,16
2721,-35,237,18
2729,-15,231,19
2733,-15,236,23
2733,-13,235,22
2729,-7,236,21
2721,-6,234,21
2677,-1,230,18
2677,-4,233,18
2677,2,223,21
2685,-1,234,26
2673,-2,224,19
2673,-3,225,18
2677,-10,228,11
2669,-6,224,14
2681,-13,219,7
2673,-11,219,10
2673,-10,213,10
2681,-15,216,13
2733,-12,216,14
2725,-12,218,5
2673,-20,226,5
2673,-15,217,13
2733,-14,216,5
2681,-24,220,10
2673,-26,223,12
2685,-29,222,10
2681,-33,225,13
2725,-32,223,12
2673,-34,226,11
2673,-36,224,15
2725,-35,226,18
2729,-36,226,19
2721,-37,228,15
2729,-28,221,20
2737,-25,220,18
2721,-34,230,19
2725,-23,224,16
2737,-27,227,21
2721,-24,226,18
2741,-22,225,18
2737,-16,227,16
2721,-15,227,18
2733,-12,222,17
2729,-19,226,19
2721,-15,224,16
2737,-19,223,18
2725,-14,231,22
2725,-18,218,12
2681,-16,219,16
2733,-17,215,16
2721,-20,223,12
2693,-21,214,9
2685,-21,215,13
2721,-18,232,22
2729,-28,223,19
2729,-26,230,11
2673,-26,244,15
2729,-32,225,10
2669,-36,229,24
2729,-21,215,21
2733,-18,222,6
2673,-14,221,13
2733,-13,221,12
2677,-17,217,9
2677,-18,234,14
2721,-21,222,10
2673,-22,221,8
2681,-20,215,11
2673,-17,210,17
2717,-22,205,12
2677,-29,202,15
2729,-23,218,13
2717,-16,222,14
2737,-20,221,10
2677,-21,223,21
2729,-13,228,14
2733,-23,222,8
2677,-17,231,15
2721,-8,240,19
2729,-18,233,18
2725,-18,227,20
2725,-10,226,18
2729,-12,224,16
2721,-20,230,14
2729,-16,222,16
2729,-20,220,16
2725,-26,222,16
2729,-25,213,11
2681,-13,204,11
2677,-20,220,20
2737,-22,207,4
2685,-10,217,11
2673,-12,230,27
2737,-14,220,7
2681,-3,214,9
2625,1,219,7
2629,6,215,4
2625,5,210,6
2625,3,211,8
2617,2,222,8
2633,-3,221,12
2629,-6,223,12
2629,-10,224,15
2733,-12,224,14
2721,-17,222,16
2729,-19,222,16
2725,-30,232,23
2721,-28,218,18
2737,-28,229,16
2733,-25,226,14
2725,-27,222,12
2681,-23,222,12
2681,-25,222,10
2673,-21,216,6
2681,-19,220,4
2669,-23,221,6
2681,-17,222,6
2689,-19,234,3
2669,-18,236,3
2693,-27,228,6
2673,-33,223,7
2677,-31,226,7
2677,-35,225,8
2669,-41,222,5
2685,-45,223,5
2673,-48,220,10
2669,-46,222,11
2677,-39,223,8
2673,-40,226,6
2685,-37,231,14
2725,-23,228,11
2673,-24,226,5
2677,-17,224,11
2689,-20,233,18
2721,-13,235,7
2681,-12,229,8
2669,-12,225,11
2681,-9,222,9
2681,-4,223,6
2621,-10,220,10
2677,-10,219,7
2677,-8,220,10
2673,-3,222,13
2681,-17,210,7
2669,-12,224,7
2673,-18,223,7
2673,-14,219,10
2673,-13,226,13
2733,-8,229,12
2673,-10,232,10
2689,-9,232,13
2737,-11,234,13
2725,-11,242,18
2729,-26,235,11
2681,-30,231,9
2673,-20,227,15
2721,-16,236,17
2741,-20,246,7
2677,-17,231,17
2725,-16,229,4
2665,-10,224,7
2681,-6,213,7
2621,-10,212,-1
2689,-9,212,3
2673,-9,209,5
2677,-7,207,4
2681,-13,211,2
2705,-4,204,2
2629,-4,204,7
2625,5,216,13
2665,25,231,21
2721,3,235,12
2629,-22,246,10
2669,-11,213,8
2673,-10,209,10
2669,-16,216,8
2677,-15,220,12
2681,-7,226,14
2721,-1,224,16
2693,-8,234,17
2733,-6,235,14
2673,-6,240,13
2677,-9,225,22
2733,7,231,12
2625,-6,224,12
2621,-5,233,19
2673,-7,231,17
2725,-9,234,19
2733,-5,225,17
2669,-4,232,18
2673,-9,236,20
2721,-7,236,19
2737,-7,226,20
2725,-11,224,13
2721,-4,222,14
2681,-8,228,11
2681,-8,212,18
2721,-7,213,13
2737,-10,222,10
2677,-7,216,8
2673,-6,214,9
2625,-2,214,12
2625,0,217,13
2693,0,216,11
2629,1,218,11
2617,1,217,8
2629,-1,224,9
2625,-5,216,14
2677,-2,211,14
2677,-9,224,18
2725,-11,213,12
2677,-6,219,15
2673,-1,218,14
2689,-2,221,12
2613,0,224,13
2677,1,226,13
2677,2,226,17
2677,-1,225,15
2685,-6,232,19
2677,-7,235,16
2725,-7,227,15
2725,-2,229,22
2677,-13,237,19
2733,0,224,12
2629,-7,229,17
2717,-9,228,16
2737,-11,227,12
2685,-7,226,11
2673,-7,224,14
2737,-9,229,14
2729,-11,231,18
2721,-12,229,19
2745,-14,234,21
2729,-6,242,15
2665,-7,245,19
2729,-6,239,18
2669,-13,239,15
2729,-15,229,15
2721,-13,231,16
2729,-11,227,15
2725,-11,223,16
2733,-4,226,15
2673,0,223,12
2633,0,233,15
2677,1,225,15
2673,3,229,12
2625,-1,221,15
2677,4,220,10
2625,8,214,12
2613,7,223,14
2665,9,222,12
2625,12,217,14
2661,10,219,14
2669,11,216,6
2613,9,206,7
2621,9,200,12
2617,6,202,14
2673,2,208,7
2629,-1,217,14
2677,6,208,8
2633,12,205,9
2613,2,222,16
2681,-5,224,13
2677,-5,229,17
2669,3,227,12
2625,-1,223,14
2669,2,226,14
2681,2,226,16
2673,1,227,19
2673,3,230,15
2665,1,234,13
2673,3,232,19
2665,4,233,19
2677,-2,236,18
2669,-5,236,17
2689,-5,239,25
2673,-11,237,22
2729,-9,239,16
2729,-16,249,14
2725,-9,232,15
2725,-10,231,15
2733,-7,226,15
2729,-8,228,16
2725,-6,228,12
2633,-6,221,11
2617,1,215,10
2637,0,222,12
2621,7,216,12
2617,-1,220,14
2677,3,217,7
2609,8,218,14
2669,8,217,15
2661,7,218,7
2633,8,222,19
2665,4,220,15
2669,4,219,16
2673,6,221,13
2661,9,219,18
2673,15,215,23
2721,7,222,17
2665,11,222,12
2629,9,211,10
2617,11,218,14
2677,11,217,23
2669,23,209,15
2717,11,223,14
2673,11,221,20
2657,7,226,14
2669,0,222,16
2677,3,219,18
2661,4,222,17
2673,3,223,17
2665,2,225,15
2681,0,226,13
2673,4,227,17
2669,5,225,17
2661,-2,224,14
2673,1,236,25
2681,3,222,12
2641,3,225,11
2613,-3,223,12
2633,-4,226,23
2669,3,223,11
2633,-2,226,13
2677,1,217,10
2621,1,221,17
2677,3,224,14
2669,-1,226,15
2685,3,225,14
2669,0,225,12
2613,3,223,14
2669,-2,232,21
2669,-4,225,21
2685,-3,220,22
2681,3,233,20
2657,-2,223,17
2677,3,228,16
2665,2,224,20
2685,7,228,23
2665,6,224,17
2661,7,222,16
2669,3,225,16
2661,5,218,18
2677,1,217,19
2677,0,219,17
2673,1,215,14
2673,1,224,20
2673,5,221,14
2661,2,223,13
2677,7,218,22
2657,2,226,19
2677,5,225,21
2661,6,225,21
2661,4,224,18
2669,3,223,18
2661,4,221,18
2673,3,219,17
2661,2,222,20
2677,4,223,18
2677,7,226,20
2669,2,237,16
2677,7,228,20
2665,4,230,20
2673,-4,244,18
2681,-2,233,23
2677,1,231,13
2677,0,227,15
2681,4,226,15
2665,4,223,14
2673,3,226,16
2657,4,230,15
2669,9,228,15
2665,8,230,16
2661,5,224,18
2669,10,226,13
2661,7,225,13
2677,4,223,17
2661,2,219,14
2673,15,214,18
2717,7,218,16
2669,8,216,16
2673,11,218,17
2669,6,226,13
2661,5,221,9
2629,6,218,14
2665,8,215,14
2669,7,225,13
2669,7,221,19
2661,8,223,16
2673,12,221,18
2665,17,220,13
2717,20,217,15
2721,14,224,18
2717,8,226,23
2669,12,232,21
2665,9,229,18
2657,8,235,20
2669,6,226,17
2665,4,223,21
2665,2,222,17
2677,5,225,19
2657,9,218,21
2673,2,227,19
2665,-3,229,22
2681,2,228,21
2673,0,226,18
2677,-1,226,11
2625,7,223,16
2661,4,222,16
2669,4,223,15
2665,3,228,9
2621,3,227,8
2625,4,227,11
2613,4,224,13
2673,-2,227,12
2621,-6,233,15
2673,-2,235,9
2637,-12,231,15
2717,1,234,7
2641,-9,226,8
2673,0,211,10
2633,-17,232,14
2741,-12,227,10
2673,-9,219,10
2681,-7,220,13
2737,-2,227,15
2673,-2,230,17
2673,1,234,16
2673,4,232,17
2669,8,227,16
2669,13,228,18
2709,9,233,19
2685,15,218,18
2717,14,229,20
2713,11,221,16
2673,14,225,15
2709,18,220,17
2721,20,216,15
2717,17,222,17
2709,16,219,19
2725,18,224,15
2721,17,224,20
2713,11,227,17
2673,13,233,11
2681,11,230,13
2661,9,218,23
2673,5,226,26
2665,5,229,15
2669,9,219,16
2665,6,220,18
2657,7,217,18
2669,10,215,17
2661,11,219,15
2661,15,219,16
2717,12,228,24
2661,16,225,18
2717,4,231,19
2665,8,234,14
2669,10,220,21
2673,12,218,16
2669,-3,219,15
2685,6,225,10
2621,3,228,14
2661,8,231,16
2669,8,229,10
2613,6,229,11
2633,10,224,13
2661,4,224,15
2669,2,241,21
2673,1,224,9
2617,2,221,10
2629,-2,228,12
2629,11,218,4
2633,4,222,7
2617,-5,228,15
2685,0,228,15
2689,3,226,17
2661,0,231,22
2685,6,226,21
2661,6,229,23
2665,7,227,22
2669,9,226,17
2657,8,227,21
2677,7,223,24
2673,10,227,21
2669,6,228,27
2673,9,233,33
2665,11,243,23
2677,16,225,24
2717,6,224,20
2661,3,220,23
2673,4,215,18
2657,5,208,22
2669,8,212,20
2673,11,219,24
2665,14,213,23
2721,15,219,27
2713,20,221,25
2721,24,225,22
2721,24,224,25
2713,21,226,24
2725,21,223,22
2721,17,220,16
2713,15,224,18
2721,11,219,20
2669,10,221,19
2661,8,221,15
2677,9,223,21
2669,6,221,19
2669,6,225,20
2673,8,223,20
2657,4,229,20
2685,3,235,24
2665,0,227,14
2669,1,230,14
2681,-6,230,15
2669,-5,226,26
2685,-6,235,25
2677,-7,232,22
2725,-7,238,23
2741,-8,239,21
2725,-9,237,21
2721,-4,230,26
2681,2,221,24
2673,0,229,17
2685,11,216,20
2661,1,218,19
2669,5,211,19
2673,-3,218,28
2681,6,224,24
2665,8,223,19
2669,13,223,19
2709,12,223,22
2673,16,220,27
2717,17,218,21
2717,16,221,27
2729,13,215,19
2721,10,223,18
2669,14,228,18
2721,12,235,20
2661,14,226,20
2725,8,220,17
2673,8,222,20
2661,9,223,19
2673,6,225,22
2669,5,223,21
2661,4,227,22
2669,5,232,22
2657,1,235,25
2681,0,240,19
2677,-1,237,16
2669,-2,237,17
2677,-10,239,19
2717,-17,241,23
2737,-7,231,15
2729,-8,233,16
2721,-10,225,19
2737,-7,227,20
2721,-6,227,15
2677,0,223,16
2677,1,228,17
2677,3,219,12
2621,-2,218,15
2689,3,234,17
2661,6,233,18
2669,5,218,16
2669,3,213,17
2657,12,214,22
2669,10,214,19
2657,14,214,18
2721,16,211,23
2729,20,217,23
2713,24,218,22
2729,24,218,18
2717,24,210,16
2709,28,205,15
2733,26,216,16
2717,28,209,20
2709,24,211,22
2729,21,222,21
2721,23,218,23
2717,18,227,26
2721,15,227,23
2717,13,230,27
2709,11,232,27
2673,16,230,19
2709,6,229,25
2673,2,241,24
2685,-2,229,30
2673,-6,227,19
2677,-9,233,19
2733,-6,226,22
2673,-6,233,18
2677,-11,236,17
2721,-13,228,16
2737,-9,230,19
2729,-6,223,20
2677,-12,237,14
2733,-12,219,21
2721,-19,237,22
2725,-8,230,13
2729,-18,228,12
2685,4,219,15
2665,0,223,12
2629,-1,225,16
2673,2,220,17
2673,2,221,19
2685,4,219,15
2657,8,217,18
2677,10,223,20
2661,17,217,19
2717,16,215,21
2717,9,217,24
2661,13,229,28
2713,9,233,23
2669,15,220,23
2709,16,225,18
2733,15,224,23
2717,12,224,22
2661,11,226,21
2673,10,224,22
2657,8,227,18
2677,6,222,25
2661,9,219,19
2665,7,227,15
2669,5,232,17
2657,8,226,20
2669,5,224,20
2665,0,223,24
2669,3,226,21
2673,5,227,20
2661,3,227,22
2669,4,226,20
2669,0,231,23
2673,-1,231,22
2673,3,227,18
2661,4,226,19
2669,3,227,28
2681,8,238,27
2661,-2,243,19
2685,1,223,22
2677,-2,239,19
2673,-2,222,22
2681,-4,225,24
2677,-1,227,22
2681,-1,224,17
2681,3,216,18
2665,1,223,18
2685,3,223,17
2665,3,215,19
2665,3,221,17
2669,6,221,23
2665,4,225,19
2673,5,223,21
2665,3,226,20
2669,13,218,25
2717,8,221,23
2665,13,222,24
2729,12,216,25
2673,12,220,25
2661,12,217,27
2673,16,214,26
2709,16,220,25
2721,21,216,20
2729,20,228,27
2713,23,227,21
2721,20,233,27
2725,15,225,23
2717,11,221,18
2677,7,231,23
2673,8,224,20
2661,6,222,16
2669,-1,224,19
2669,-5,229,23
2689,-3,223,19
2681,-10,230,19
2725,0,226,21
2681,-5,234,13
2681,6,219,25
2665,3,233,22
2669,6,233,19
2665,-4,239,21
2685,-2,223,18
2689,-3,220,18
2669,-11,221,21
2721,-4,221,22
2681,-12,224,17
2725,-11,227,19
2729,-10,230,19
2725,-14,229,17
2733,-3,218,19
2685,-3,226,23
2677,1,232,31
2685,-1,232,18
2685,2,229,20
2673,3,224,26
2669,4,231,22
2665,7,217,13
2673,14,223,15
2713,14,221,15
2717,18,228,18
2729,19,220,16
2721,15,227,11
2665,26,213,11
2673,23,213,16
2709,17,212,14
2721,14,218,10
2673,15,223,11
2665,14,222,9
2673,11,224,10
2613,15,223,11
2669,14,219,12
2681,8,225,14
2661,6,230,10
2637,4,231,13
2665,5,225,15
2669,4,219,9
2633,5,232,17
2661,1,227,20
2685,-3,236,16
2669,4,223,16
2669,1,229,17
2689,3,229,17
2669,5,229,15
2677,3,231,16
2665,7,224,16
2661,7,224,17
2673,4,230,14
2661,8,225,13
2677,3,222,19
2669,11,217,13
2665,8,226,17
2673,13,221,7
2665,11,218,18
2677,14,225,14
2717,11,220,14
2661,11,220,13
2669,11,216,14
2657,11,218,14
2677,9,213,16
2669,8,221,16
2657,7,221,14
2669,8,226,14
2657,7,223,14
2669,12,224,17
2665,4,225,20
2657,3,224,21
2669,5,230,18
2657,3,231,18
2669,-4,227,21
2673,4,223,19
2669,5,222,15
2673,5,224,17
2661,4,223,19
2669,6,225,17
2665,5,226,15
2657,6,226,15
2669,6,237,12
2613,5,229,16
2669,3,227,21
2665,4,219,15
2657,9,221,17
2673,7,219,15
2661,4,222,12
2625,3,229,18
2669,4,221,16
2661,6,226,18
2669,7,224,17
2665,10,226,17
2673,10,229,18
2665,8,235,19
2665,15,232,15
2717,9,243,13
2661,4,234,17
2661,7,227,11
2625,6,223,16
2661,6,234,17
2669,2,227,18
2673,10,219,19
2661,9,224,15
2669,10,223,15
2661,11,222,15
2673,14,219,15
2717,11,222,17
2673,11,221,16
2681,10,231,17
2669,16,219,15
2733,19,220,17
2729,14,227,18
2709,19,223,16
2725,17,216,12
2673,16,218,10
2673,20,213,11
2673,19,217,12
2669,20,218,8
2677,18,218,11
2673,18,215,8
2665,17,216,9
2677,16,216,8
2665,10,220,12
2629,13,207,7
2669,11,217,11
2617,7,219,17
2669,9,216,16
2661,15,222,15
2729,6,234,18
2661,6,230,18
2661,10,230,17
2681,5,229,19
2661,3,232,18
2669,2,231,20
2677,5,230,17
2661,5,230,15
2673,6,230,14
2661,7,230,19
2665,3,239,20
2669,3,237,13
2665,8,239,11
2621,0,236,14
2673,-1,234,15
2681,3,231,17
2669,4,228,13
2669,5,229,11
2629,6,225,13
2665,3,223,16
2673,4,222,13
2661,4,229,14
2657,6,217,14
2673,6,223,19
2665,6,218,17
2673,3,220,20
2669,6,222,18
2661,17,222,17
2721,13,218,15
2717,9,221,17
2669,8,219,19
2673,6,214,19
2661,7,214,19
2677,16,215,15
2721,18,223,19
2713,12,226,18
2673,16,226,24
2709,10,224,23
2669,18,213,19
2721,23,220,23
2709,18,223,23
2725,20,220,24
2721,15,222,25
2713,18,222,23
2725,20,221,23
2725,23,220,22
2717,21,222,23
2729,19,223,27
2721,15,228,26
2713,14,228,19
2725,11,226,23
2673,7,241,19
2661,7,233,16
2661,8,227,15
2657,5,227,13
2677,4,225,15
2665,3,226,13
2657,3,227,14
2669,4,227,14
2665,0,235,12
2641,3,228,13
2665,-3,234,11
2621,5,231,13
2673,13,216,17
2713,10,230,16
2681,9,229,10
2633,10,217,15
2657,12,220,16
2669,9,226,16
2661,11,222,16
2677,13,223,19
2721,18,221,15
2713,16,219,19
2717,14,226,18
2717,13,223,16
2713,17,227,26
2725,14,216,17
2717,16,224,13
2721,20,213,20
2717,20,211,19
2713,18,218,19
2721,25,215,20
2717,26,219,19
2717,32,215,17
2717,32,218,18
2721,35,207,18
2717,36,216,17
2721,36,205,12
2677,37,219,19
2713,23,223,18
2725,20,219,17
2725,16,219,18
2713,17,215,19
2737,16,219,20
2721,15,224,21
2713,18,219,20
2721,16,225,18
2717,19,221,23
2713,14,227,23
2725,6,233,35
2669,-4,231,28
2677,-2,234,25
2681,0,237,27
2673,-6,239,24
2685,-1,235,22
2681,-7,236,25
2717,-9,233,23
2729,-9,235,25
2733,-10,238,18
2717,-3,231,24
2681,-3,235,25
2669,-7,239,19
2725,-3,237,20
2689,-9,237,21
2721,-4,233,18
2681,-2,230,18
2677,-1,231,19
2677,-2,228,17
2677,0,229,20
2669,3,230,18
2673,4,227,17
2673,7,228,17
2665,1,223,23
2681,0,229,23
2673,8,226,21
2677,12,224,22
2681,21,220,25
2713,18,224,25
2729,20,225,27
2721,20,221,25
2717,19,225,19
2729,20,218,20
2717,18,224,20
2709,21,213,23
2725,22,214,35
2717,18,215,26
2709,22,216,23
2721,26,219,19
2721,25,220,20
2717,26,220,18
2725,25,220,19
2709,24,224,17
2721,25,214,15
2717,27,220,16
2713,28,221,14
2721,29,213,23
2717,35,217,17
2717,34,213,20
2717,27,212,16
2729,24,215,16
2713,20,214,17
2725,19,218,17
2717,17,221,15
2717,17,220,16
2737,16,216,17
2721,14,227,17
2713,15,210,17
2729,7,223,18
2665,7,231,15
2657,4,239,16
2669,1,236,20
2669,2,236,23
2685,3,234,21
2665,1,236,21
2673,-3,240,23
2677,-1,236,22
2669,0,239,21
2677,-1,235,23
2677,-2,237,22
2673,-3,233,13
2681,5,233,12
2621,10,232,16
2661,2,233,17
2677,5,240,15
2661,-6,234,22
2673,2,230,19
2677,-1,231,19
2677,2,231,16
2681,3,224,15
2665,3,220,17
2677,1,228,16
2669,7,231,25
2665,10,231,17
2669,8,231,14
2665,7,228,19
2677,8,217,12
2621,8,220,23
2665,5,220,17
2669,3,213,23
2661,9,211,25
2677,11,216,24
2661,11,217,26
2661,13,223,25
2721,13,225,32
2713,10,223,32
2669,11,226,27
2669,14,224,30
2713,18,225,28
2721,10,237,25
2661,21,235,27
2717,14,231,32
2721,8,230,34
2657,10,226,31
2665,8,231,32
2673,11,226,30
2661,11,222,32
2673,14,219,29
2713,11,219,30
2673,8,230,24
2673,8,220,35
2661,13,229,28
2725,18,220,31
2721,16,234,26
2713,12,220,25
2669,12,217,23
2657,6,223,26
2665,6,224,20
2677,4,222,19
2665,5,221,18
2673,7,222,19
2657,7,219,21
2673,7,220,21
2673,10,220,23
2661,1,231,21
2689,16,228,31
2725,2,222,13
2673,0,224,22
2677,9,225,22
2665,9,221,23
2669,6,223,22
2661,8,227,25
2657,10,227,22
2669,9,225,18
2657,10,224,21
2669,8,224,17
2665,11,223,22
2657,11,227,18
2669,9,230,13
2657,10,229,16
2669,9,221,18
2665,10,231,21
2657,8,230,17
2669,11,222,20
2661,13,222,23
2721,14,223,22
2725,15,225,25
2717,13,218,27
2729,8,234,29
2669,11,225,25
2665,16,219,26
2725,18,224,31
2721,16,217,34
2713,13,221,33
2717,17,219,21
2709,16,219,29
2721,18,215,29
2717,19,218,30
2713,15,223,30
2721,15,219,31
2717,17,222,26
2721,13,224,24
2721,11,222,29
2681,10,229,24
2661,6,230,29
2673,15,230,33
2725,4,230,31
2661,8,226,30
2673,7,227,29
2661,3,226,29
2669,3,227,25
2665,7,228,23
2661,5,221,21
2669,1,227,17
2669,1,232,18
2689,1,223,20
2673,0,225,24
2677,-4,229,27
2673,-7,237,20
2721,-2,230,22
2681,2,225,21
2677,0,227,22
2673,1,229,23
2693,0,230,26
2681,2,225,20
2669,4,226,24
2661,8,224,23
2669,3,224,19
2673,3,230,19
2661,6,224,19
2669,-1,235,27
2673,13,216,24
2721,5,224,23
2669,14,221,29
2729,12,219,28
2669,11,224,31
2681,12,217,31
2673,9,223,32
2657,11,221,32
2669,11,222,35
2661,12,225,34
2681,11,227,38
2665,14,225,27
2713,9,234,30
2677,18,217,37
2713,17,220,34
2713,19,220,32
2717,18,218,31
2713,20,219,29
2721,19,221,26
2733,18,216,25
2713,16,217,25
2725,15,220,29
2721,12,223,26
2657,9,222,31
2677,12,224,29
2661,6,231,21
2669,0,238,27
2681,1,232,23
2673,2,227,30
2693,1,230,23
2681,1,228,24
2677,2,237,21
2673,2,236,23
2677,2,235,18
2677,5,230,16
2669,2,236,17
2673,7,221,23
2669,4,228,13
2657,3,221,15
2673,4,218,16
2665,7,221,16
2657,2,226,23
2677,4,224,20
2665,4,226,17
2677,7,223,19
2677,5,221,21
2661,7,229,22
2677,6,226,28
2665,8,225,24
2661,12,220,24
2669,8,227,28
2669,21,222,24
2729,11,223,25
2669,19,223,24
2713,17,222,26
2717,16,220,25
2721,18,214,26
2713,21,214,25
2721,17,213,22
2717,19,213,25
2721,22,216,24
2721,25,214,35
2709,27,212,28
2721,19,225,33
2721,19,220,34
2721,31,213,27
2717,11,226,30
2673,12,226,29
2657,9,225,24
2669,9,228,27
2657,8,227,29
2669,6,227,29
2677,5,225,29
2661,6,232,30
2677,6,228,25
2665,4,228,16
2661,0,235,15
2677,4,230,21
2665,9,225,22
2677,3,231,21
2665,4,228,20
2665,3,227,14
2673,3,225,18
2661,2,226,23
2689,3,226,19
2669,3,225,22
2665,2,237,22
2685,7,234,19
2665,19,223,21
2725,13,223,24
2721,10,222,23
2657,13,219,18
2725,14,226,16
2721,12,226,16
2657,12,220,22
2669,15,225,18
2709,16,223,21
2721,19,219,22
2717,11,219,19
2661,9,218,23
2673,13,228,20
2721,23,221,24
2709,21,218,26
2725,22,225,24
2721,14,233,22
2713,10,232,29
2677,11,229,28
2661,10,226,27
2669,10,225,27
2665,9,226,26
2657,12,221,26
2669,9,222,25
2657,13,224,27
2721,10,216,24
2673,10,226,28
2661,9,225,21
2681,9,230,19
2661,17,215,25
2717,9,222,26
2665,13,223,23
2713,11,223,21
2669,14,220,22
2721,9,224,24
2669,13,227,23
2725,14,222,24
2717,15,222,25
2713,16,226,22
2721,9,228,24
2661,20,226,32
2721,12,229,30
2665,5,229,24
2657,9,228,24
2685,5,229,23
2673,8,228,21
2661,9,226,24
2673,11,224,25
2661,8,228,23
2673,10,232,23
2669,3,223,20
2661,10,234,20
2673,6,225,19
2665,13,218,21
2725,11,221,24
2669,16,223,17
2713,12,217,23
2677,14,221,21
2717,13,219,19
2713,11,224,21
2665,12,223,21
2657,15,218,24
2721,11,226,24
2681,10,223,28
2669,13,230,24
2729,9,232,20
2677,11,230,22
2661,9,227,23
2669,12,219,26
2665,12,224,22
2673,14,222,24
2721,11,223,23
2665,15,223,24
2721,15,225,26
2717,19,223,25
2721,17,217,25
2725,19,222,20
2717,12,220,25
2669,18,221,24
2721,8,229,21
2661,13,223,26
2725,7,229,27
2669,6,229,26
2661,7,224,26
2673,10,227,25
2661,10,232,28
2669,7,231,26
2665,13,232,27
2709,10,230,31
2673,9,225,24
2669,8,230,22
2673,9,223,15
2673,7,226,31
2665,6,229,23
2677,5,227,20
2665,6,220,21
2669,7,221,21
2673,8,226,20
2657,8,224,20
2677,4,226,19
2677,6,224,21
2657,7,221,19
2669,11,221,19
2661,13,220,20
2729,10,227,14
2669,12,225,21
2657,15,221,21
2713,6,231,23
2661,11,224,20
2669,13,217,22
2717,11,223,22
2669,12,221,24
2673,10,223,24
2673,11,225,26
2661,11,221,25
2669,11,224,28
2657,13,223,23
2729,13,232,20
2721,12,227,28
2661,10,228,23
2669,10,226,24
2661,18,220,29
2721,12,232,24
2669,14,223,26
2709,16,222,25
2725,12,224,27
2673,11,220,26
2661,11,217,27
2673,9,223,26
2661,10,219,27
2669,6,230,27
2665,13,218,30
2713,11,226,27
2677,6,229,22
2661,4,226,32
2665,5,226,26
2677,4,226,25
2661,7,222,24
2677,5,223,24
2657,6,227,28
2673,6,226,25
2669,8,227,27
2657,10,224,24
2677,14,220,26
2717,6,225,25
2661,16,222,26
2721,18,216,25
2713,10,226,26
2669,9,222,29
2677,10,226,25
2669,10,216,25
2677,12,222,25
2665,14,224,27
2717,15,229,27
2717,16,225,24
2709,12,214,21
2669,11,216,24
2677,9,227,23
2661,5,226,28
2677,11,222,35
2661,16,219,27
2721,11,221,27
2669,12,223,27
2661,12,224,23
2677,13,223,22
2721,16,223,21
2709,17,226,24
2725,21,223,20
2721,19,219,18
2713,21,219,23
2721,22,214,15
2709,17,230,20
2721,22,222,19
2725,12,220,20
2669,13,218,23
2721,13,221,23
2721,11,225,23
2669,16,225,21
2725,14,223,22
2721,10,224,24
2661,7,227,27
2669,13,223,22
2713,16,223,28
2721,2,232,25
2677,14,227,23
2717,11,224,26
2661,12,224,26
2669,11,225,25
2665,11,225,29
2673,11,223,29
2665,13,226,29
2725,9,230,30
2665,14,219,28
2713,20,217,28
2725,15,219,27
2721,23,224,28
2713,10,220,27
2673,7,225,24
2669,11,223,28
2661,15,220,27
2721,16,221,26
2713,9,235,31
2669,11,216,27
2669,11,222,26
2665,6,228,29
2673,3,228,27
2665,3,226,33
2665,1,228,33
2685,8,215,22
2665,10,229,26
2677,6,226,29
2661,4,223,24
2669,5,224,29
2673,7,224,26
2657,4,225,26
2677,7,225,27
2665,7,224,27
2669,10,223,26
2673,6,220,25
2661,8,222,29
2673,2,239,29
2681,7,225,30
2657,7,227,26
2669,8,224,26
2661,7,216,31
2677,5,228,26
2673,6,225,26
2661,5,226,29
2669,7,222,29
2657,10,224,29
2673,11,224,31
2669,8,226,29
2657,5,231,27
2669,10,230,24
2669,11,230,32
2673,7,229,23
2673,9,231,23
2661,8,228,25
2673,14,231,25
2713,14,229,29
2717,15,223,27
2717,15,226,27
2717,14,226,29
2721,16,229,29
2729,12,236,26
2661,8,228,29
2673,9,227,24
2669,6,230,27
2665,12,215,29
2669,7,222,24
2661,6,222,22
2685,7,228,23
2665,13,219,22
2717,12,222,23
2673,13,221,22
2709,13,223,25
2717,12,222,22
2665,9,226,21
2657,14,217,23
2725,11,223,26
2665,15,219,26
2713,9,223,25
2673,7,228,27
2669,8,222,19
2665,7,219,29
2669,16,220,25
2713,13,224,22
2721,13,223,27
2721,15,224,23
2713,14,229,23
2717,16,223,23
2725,18,221,26
2717,17,217,26
2717,11,236,21
2665,15,222,23
2721,10,228,23
2669,10,225,26
2657,15,221,23
2729,13,223,25
2721,9,223,26
2665,10,228,24
2673,9,227,26
2665,5,227,26
2661,5,226,24
2669,8,224,26
2665,6,218,28
2669,11,224,36
2661,9,235,27
2669,9,235,24
2669,10,219,31
2665,9,222,27
2669,9,220,27
2661,7,222,26
2665,6,224,26
2673,9,224,24
2657,8,220,29
2669,7,223,31
2661,8,220,30
2669,7,224,28
2677,10,224,25
2669,6,225,31
2673,12,221,31
2657,10,226,33
2669,6,225,23
2673,10,225,25
2661,6,228,29
2677,8,224,26
2665,9,222,25
2665,9,225,26
2673,10,224,27
2661,9,224,27
2681,13,225,24
2713,11,224,24
2669,12,226,28
2673,6,231,34
2657,8,227,19
2669,8,226,26
2669,10,223,25
2657,9,225,21
2673,9,225,28
2661,10,227,23
2665,6,227,20
2669,7,221,23
2661,9,223,28
2673,11,221,26
2661,13,226,23
2721,10,224,24
2677,12,223,21
2661,17,222,19
2717,7,230,25
2673,11,240,27
2665,12,227,22
2669,16,230,20
2709,15,227,20
2725,14,228,19
2717,9,226,21
2661,8,228,22
2685,12,225,18
2669,7,222,18
2665,9,225,21
2673,15,219,22
2709,14,225,19
2725,18,215,23
2721,17,227,23
2713,15,222,22
2725,19,219,22
2725,16,222,21
2717,16,225,20
2729,11,222,22
2669,7,228,22
2665,12,226,23
2677,10,227,22
2665,11,219,25
2669,9,224,29
2665,10,224,23
2657,9,226,21
2669,13,221,21
2709,12,220,18
2665,9,223,20
2669,9,225,20
2661,14,225,21
2721,13,228,22
2721,14,228,20
2713,13,222,21
2721,9,230,19
2661,11,220,24
2669,8,235,17
2677,4,221,24
2661,2,225,21
2685,4,225,22
2657,1,229,28
2681,3,227,27
2661,4,226,27
2661,5,223,25
2673,5,221,25
2657,3,225,26
2673,6,223,28
2673,5,226,28
2661,3,225,24
2677,9,222,24
2681,10,224,29
2669,10,222,31
2673,7,228,27
2665,10,231,22
2669,10,225,27
2665,8,231,26
2661,12,227,27
2669,10,224,29
2657,12,223,26
2669,11,227,28
2669,8,227,29
2669,6,227,29
2673,6,231,29
2669,9,222,23
2681,6,224,30
2669,8,218,21
2657,11,219,24
2669,16,217,26
2713,13,225,26
2721,14,224,24
2717,13,224,25
2713,14,221,26
2721,11,218,28
2665,14,216,22
2713,13,217,24
2737,20,224,17
2717,7,233,22
2657,7,232,21
2669,10,233,21
2661,14,229,23
2717,10,229,20
2681,10,223,24
2657,10,229,25
2677,6,225,25
2661,5,231,26
2669,6,225,25
2673,8,226,25
2657,9,232,21
2677,10,226,22
2665,6,235,24
2669,8,230,19
2669,12,235,20
2669,7,226,22
2677,12,225,27
2669,11,218,20
2661,7,226,21
2673,11,220,19
2661,12,221,20
2673,12,223,23
2665,11,224,23
2661,13,222,23
2725,12,221,25
2661,11,225,33
2669,10,228,28
2669,12,221,31
2661,15,231,26
2721,13,220,20
2721,17,219,26
2717,11,221,29
2669,12,221,29
2661,13,220,28
2721,14,222,31
2721,17,224,26
2713,18,222,24
2733,17,219,29
2717,15,220,30
2709,20,218,25
2733,15,218,21
2713,9,225,29
2669,10,225,25
2669,7,231,27
2657,8,225,25
2669,5,226,28
2665,6,223,27
2657,5,221,28
2669,7,222,28
2661,4,220,25
2669,3,229,27
2665,6,220,24
2665,2,230,29
2685,-9,235,31
2721,6,224,15
2677,9,221,31
2669,4,227,30
2661,5,224,22
2677,4,225,24
2673,3,225,27
2657,4,228,22
2669,6,222,23
2657,7,223,22
2677,4,227,22
2673,14,222,23
2713,9,226,25
2673,9,218,27
2657,11,219,23
2673,8,220,16
2665,11,219,18
2657,16,219,20
2721,16,224,23
2721,13,222,25
2721,13,225,26
2717,16,221,24
2713,14,219,27
2721,15,214,25
2721,15,228,24
2717,14,221,29
2717,9,227,26
2665,17,225,24
2709,11,221,27
2681,7,225,24
2661,7,226,25
2661,9,224,26
2669,8,223,26
2657,8,224,25
2669,11,224,27
2669,5,231,25
2661,8,231,21
2673,9,229,24
2665,4,238,29
2673,12,222,20
2669,5,225,26
2661,4,225,22
2673,12,213,28
2661,9,226,24
2673,10,226,22
2665,13,226,21
2713,8,228,24
2673,5,226,23
2665,11,221,24
2665,10,219,24
2677,16,225,26
2709,17,218,23
2733,13,229,18
2717,14,225,22
2709,16,215,28
2733,17,219,24
2717,12,223,24
2665,10,222,23
2673,13,228,22
2713,14,223,23
2717,17,229,22
2717,13,227,22
2713,10,223,24
2669,10,218,19
2669,6,234,28
2661,10,228,24
2661,13,217,19
2717,13,227,10
2677,10,226,15
2677,7,227,18
2661,5,224,19
2681,7,225,21
2661,7,228,20
2661,7,227,23
2673,12,228,24
2661,6,229,24
2681,10,232,26
2665,4,231,25
2669,11,228,26
2673,11,219,23
2661,16,226,27
2729,10,227,25
2669,10,224,28
2657,11,223,26
2673,10,227,25
2661,11,224,25
2665,12,223,23
2669,11,226,25
2661,8,223,26
2673,12,227,23
2669,15,219,27
2721,12,226,26
2677,10,228,21
2661,12,227,23
2677,6,226,20
2665,8,221,24
2665,9,227,21
2669,10,227,22
2661,10,226,23
2677,9,225,25
2665,13,226,20
2717,12,222,21
2669,9,222,26
2665,10,218,25
2677,5,233,25
2669,6,222,21
2669,10,219,23
2673,9,222,28
2661,8,229,21
2669,9,228,25
2665,5,227,25
2657,8,230,24
2669,6,229,24
2661,6,226,25
2669,7,226,24
2665,9,222,23
2657,8,223,30
2669,6,223,29
2661,8,235,29
2665,9,229,25
2673,15,231,30
2717,14,218,22
2717,10,222,24
2669,14,220,21
2717,13,223,23
2717,13,223,24
2713,10,223,25
2661,15,222,27
2729,14,222,24
2713,16,222,24
2725,19,219,25
2721,12,227,15
2661,13,223,28
2729,8,234,21
2677,9,237,17
2661,9,231,21
2669,9,230,20
2661,6,223,21
2681,8,222,18
2661,7,224,21
2661,9,233,21
2669,8,223,21
2665,13,223,23
2729,10,226,24
2673,12,226,21
2661,19,220,21
2721,14,219,19
2725,12,221,24
2665,13,223,20
2721,16,224,22
2717,16,221,20
2717,14,222,24
2717,13,228,27
2713,10,227,22
2669,11,220,24
2669,12,225,27
2661,11,222,26
2661,13,223,17
2709,5,225,24
2677,11,227,26
2665,13,224,22
2717,10,220,22
2681,11,220,23
2673,12,219,21
2661,12,221,25
2669,12,223,25
2661,12,220,26
2673,7,226,30
2669,9,228,24
2661,8,235,20
2669,7,233,23
2661,9,229,19
2673,7,231,25
2669,6,222,25
2661,5,225,31
2673,0,226,29
2665,4,225,27
2673,6,226,26
2669,7,228,26
2661,7,230,24
2673,10,228,24
2661,9,227,25
2669,8,231,24
2665,7,227,29
2657,3,227,26
2669,6,228,30
2665,8,220,25
2665,6,226,29
2669,11,223,28
2669,14,220,26
2717,10,219,27
2661,9,221,26
2669,8,222,26
2673,11,222,26
2661,11,219,26
2677,7,227,29
2665,11,224,33
2669,10,223,36
2661,13,226,33
2713,11,227,39
2681,13,221,30
2717,11,214,28
2665,6,227,26
2673,7,225,26
2669,8,222,25
2669,10,222,25
2665,8,225,23
2665,7,224,24
2669,10,227,23
2669,11,226,26
2661,9,236,23
2669,6,237,21
2661,6,233,20
2665,9,226,25
2657,6,229,17
2669,6,236,21
2661,12,226,25
2665,3,227,23
2669,9,225,20
2657,12,223,22
2669,10,225,22
2669,11,226,20
2661,14,228,21
2717,17,225,23
2721,19,220,20
2713,14,220,21
2725,15,213,23
