0,32,9,225
2734,36,10,224
2678,37,13,223
2662,36,11,226
2674,36,6,230
2670,34,6,228
2662,30,10,224
2678,35,13,223
2666,32,17,218
2718,34,12,218
2670,34,11,224
2666,35,8,224
2674,31,10,219
2670,32,12,226
2666,36,12,226
2674,34,9,226
2666,32,12,221
2670,34,7,228
2670,36,8,227
2662,35,5,228
2662,32,13,223
2658,32,11,230
2670,34,8,222
2666,30,3,224
2674,30,5,231
2662,34,6,223
2658,31,8,223
2670,32,10,220
2670,34,6,222
2666,34,9,226
2670,35,7,223
2662,35,7,225
2670,39,6,224
2674,34,6,226
2662,35,5,222
2662,34,9,229
2666,29,9,229
2666,28,10,221
2674,33,8,232
2662,36,8,221
2670,34,11,224
2662,34,10,226
2670,33,12,225
2674,33,14,225
2714,32,13,217
2678,34,12,225
2658,36,13,217
2670,32,8,225
2662,29,15,217
2714,41,12,229
2678,32,12,229
2662,36,19,219
2714,34,14,223
2718,34,13,224
2666,36,12,225
2674,34,9,228
2674,36,10,223
2670,34,13,226
2678,35,8,231
2662,30,9,227
2670,31,10,224
2674,31,8,232
2666,37,10,224
2678,41,14,218
2726,32,10,231
2666,33,9,223
2674,31,16,219
2710,28,17,223
2722,30,14,225
2718,33,13,222
2662,31,12,226
2682,32,13,221
2662,35,12,222
2662,36,9,233
2670,33,12,223
2662,41,12,223
2674,37,10,228
2662,35,9,228
2666,38,10,227
2666,35,10,224
2666,34,12,225
2670,32,9,224
2670,35,11,222
2666,33,10,222
2666,32,10,225
2658,34,8,222
2682,34,9,227
2662,34,9,221
2658,27,12,225
2670,35,19,221
2710,31,17,220
2718,32,15,220
2718,35,7,232
2662,34,11,222
2678,36,9,225
2666,34,12,226
2662,37,11,223
2666,35,10,225
2658,33,12,225
2678,32,15,219
2718,38,12,220
2662,37,16,218
2718,35,7,232
2666,28,12,222
2670,32,16,225
2730,38,14,218
2714,33,11,229
2674,35,11,223
2670,34,13,223
2662,33,13,221
2666,34,13,225
2658,33,9,225
2670,35,11,221
2670,33,8,227
2662,34,9,230
2670,41,9,228
2658,30,8,225
2670,40,4,224
2670,31,15,232
2710,34,9,222
2674,33,14,222
2710,34,8,224
2674,33,11,225
2666,33,8,224
2662,30,7,225
2678,28,8,230
2662,30,9,227
2662,30,9,227
2674,33,9,222
2662,38,2,231
2690,35,5,233
2670,29,5,229
2662,31,7,228
2674,35,6,223
2666,36,1,225
2690,33,4,224
2666,34,3,231
2670,31,4,231
2674,32,10,224
2658,35,6,229
2674,31,3,231
2682,30,5,229
2662,31,5,229
2670,33,3,231
2666,37,-1,233
2682,34,8,215
2670,38,10,229
2662,30,9,219
2662,32,9,230
2666,33,9,225
2670,31,9,223
2662,32,9,227
2658,32,12,223
2670,32,12,222
2666,34,9,229
2666,31,10,223
2670,34,15,228
2714,31,15,226
2726,34,16,226
2726,30,13,228
2662,36,11,221
2670,32,13,226
2658,36,14,221
2722,36,14,221
2726,34,18,221
2710,35,21,222
2726,37,19,220
2718,37,16,222
2718,39,17,220
2730,32,11,219
2670,42,10,225
2658,35,10,234
2670,34,7,221
2662,35,4,226
2670,34,5,229
2670,34,6,225
2662,35,5,225
2670,34,6,228
2662,34,3,230
2678,32,2,228
2682,33,8,225
2670,28,4,230
2674,28,8,226
2662,34,6,226
2674,29,-2,219
2686,31,4,231
2666,23,2,224
2686,32,6,220
2662,27,10,225
2666,29,6,224
2670,31,7,226
2666,33,6,229
2678,30,5,223
2662,31,9,230
2666,29,8,228
2670,33,11,226
2658,27,13,223
2678,24,14,226
2722,25,8,228
2658,32,8,222
2682,34,10,222
2662,25,12,220
2674,28,6,221
2670,27,7,223
2662,29,6,220
2674,30,8,226
2670,31,8,226
2670,32,9,224
2666,31,6,231
2658,30,8,227
2670,31,9,228
2662,28,8,226
2662,31,8,223
2670,34,9,219
2662,35,9,218
2674,38,3,234
2670,36,-1,234
2682,38,4,226
2670,38,7,221
2670,35,14,221
2718,33,15,224
2722,34,14,224
2714,30,20,216
2718,36,16,225
2710,39,12,218
2670,42,16,223
2718,35,19,212
2714,35,12,222
2662,37,3,225
2682,40,2,232
2674,42,1,232
2674,40,4,231
2670,39,6,229
2662,35,9,235
2670,34,8,231
2662,33,9,232
2662,35,15,218
2714,33,10,221
2670,29,11,224
2674,42,9,221
2662,35,18,222
2730,31,13,218
2674,33,12,219
2662,35,12,220
2670,36,10,222
2658,33,14,219
2726,36,12,222
2674,36,10,224
2670,33,8,228
2670,35,7,228
2662,36,8,224
2670,30,11,225
2674,30,9,216
2662,32,17,217
2726,26,8,227
2666,33,10,219
2670,32,12,221
2674,34,13,219
2662,33,10,225
2686,34,12,227
2662,34,12,225
2670,33,10,226
2666,36,15,222
2714,34,20,224
2722,37,18,217
2718,34,14,220
2714,41,10,221
2678,38,16,220
2722,37,12,219
2662,36,9,221
2670,35,7,221
2662,36,8,226
2674,35,6,221
2674,35,8,218
2658,39,5,227
2670,36,3,225
2670,35,6,225
2666,37,10,224
2674,44,2,232
2678,35,-4,241
2674,37,3,229
2674,33,-2,237
2678,39,-1,227
2690,34,3,229
2674,35,0,228
2690,30,3,227
2686,30,5,230
2662,29,4,232
2674,32,4,231
2666,34,6,226
2674,33,8,225
2666,30,8,227
2662,35,8,223
2670,38,15,218
2718,26,6,230
2670,28,9,221
2662,32,8,225
2658,32,9,223
2670,32,7,225
2662,33,10,223
2670,35,2,230
2678,35,5,230
2666,32,3,227
2678,34,3,229
2678,30,2,237
2674,34,0,232
2686,33,0,231
2674,30,6,229
2678,32,10,224
2666,30,4,230
2670,35,4,224
2674,34,3,225
2678,30,8,228
2678,30,8,223
2674,32,9,225
2666,31,8,224
2666,29,7,225
2658,28,8,223
2670,33,9,223
2670,38,11,222
2662,29,10,228
2670,33,11,226
2662,28,6,228
2674,30,9,234
2662,30,9,235
2666,32,7,233
2666,33,5,230
2666,33,3,232
2682,30,5,228
2674,30,3,225
2670,29,5,218
2666,26,6,226
2662,28,6,221
2670,20,10,219
2670,28,9,223
2666,37,3,229
2678,27,2,234
2674,29,6,229
2670,28,12,224
2670,29,7,231
2662,28,9,229
2674,26,8,225
2662,25,14,220
2722,30,10,225
2666,30,15,219
2718,24,16,227
2726,31,18,221
2722,30,7,218
2658,26,10,223
2670,23,13,218
2666,32,22,206
2718,29,19,220
2726,30,19,220
2718,33,16,217
2714,32,12,218
2678,30,11,214
2662,30,13,211
2678,34,4,222
2662,34,6,227
2666,36,13,223
2670,37,8,229
2658,33,13,224
2674,27,12,226
2662,31,19,221
2722,36,12,228
2670,32,11,226
2662,31,11,222
2674,30,10,220
2674,32,7,225
2662,30,7,227
2674,30,8,231
2662,26,9,228
2678,31,11,220
2666,38,3,230
2670,38,9,230
2662,36,9,231
2670,34,5,215
2670,32,-2,230
2682,35,1,228
2682,33,3,228
2678,34,4,226
2662,32,4,226
2674,30,3,226
2686,34,4,221
2662,33,9,219
2674,33,6,222
2662,34,9,228
2670,32,7,229
2666,33,11,216
2658,34,9,221
2674,43,9,232
2666,36,10,222
2662,42,9,222
2670,39,7,220
2662,41,6,223
2678,37,5,227
2662,41,5,225
2670,40,6,220
2670,34,5,216
2662,38,4,227
2674,39,11,216
2666,43,3,221
2678,42,1,225
2678,37,7,223
2666,25,-2,227
2682,34,5,223
2674,31,1,227
2670,33,-1,231
2682,32,-1,227
2674,30,-3,230
2678,33,-1,229
2678,36,-5,229
2678,30,0,226
2674,33,-4,226
2678,29,3,219
2678,31,4,222
2662,36,5,230
2658,30,0,229
2690,26,1,235
2670,31,2,230
2678,29,1,230
2682,30,4,229
2662,32,6,225
2678,32,5,228
2662,29,5,227
2658,31,9,223
2670,32,6,233
2658,32,15,226
2730,31,15,228
2722,30,20,229
2714,34,15,221
2726,27,8,226
2670,29,13,225
2666,25,16,218
2726,26,19,218
2714,24,17,218
2722,26,19,216
2718,27,16,219
2722,29,15,218
2722,31,13,218
2666,26,9,224
2658,28,13,231
2674,29,11,222
2658,36,9,230
2678,42,1,232
2678,32,8,237
2662,32,9,228
2682,32,6,229
2670,30,4,228
2662,32,6,223
2670,28,6,223
2662,30,7,222
2678,28,11,221
2674,33,9,217
2662,26,11,222
2670,22,6,227
2658,28,13,225
2674,29,16,225
2718,29,8,230
2662,26,6,228
2670,30,4,224
2662,31,5,226
2666,31,5,230
2670,30,3,227
2670,34,2,226
2682,29,3,229
2678,34,3,230
2682,28,2,234
2686,30,-4,227
2678,33,6,213
2682,38,3,230
2686,39,9,228
2666,28,8,221
2670,28,9,220
2662,27,7,222
2678,30,7,227
2666,27,8,225
2658,28,9,225
2674,29,12,222
2662,33,14,219
2722,33,14,222
2726,36,9,224
2666,37,4,224
2686,29,11,226
2662,34,9,223
2666,30,11,222
2670,34,18,221
2714,33,16,224
2730,33,13,223
2670,32,16,221
2714,32,13,223
2674,34,13,221
2666,33,12,216
2662,33,11,223
2674,35,12,222
2662,35,8,229
2678,37,9,224
2662,40,5,235
2670,33,9,232
2670,34,6,227
2662,35,2,229
2690,33,5,228
2658,30,5,224
2674,31,4,225
2674,29,3,228
2674,32,4,226
2678,36,5,226
2662,34,6,225
2662,36,8,221
2670,28,8,224
2662,31,8,221
2678,35,1,221
2678,32,10,225
2666,32,7,224
2674,34,13,216
2662,32,10,225
2674,33,8,225
2670,33,6,221
2666,34,6,223
2674,29,5,224
2662,32,5,222
2670,33,4,225
2670,31,-2,234
2670,27,3,232
2682,29,6,214
2662,35,8,227
2670,31,6,217
2674,34,-1,226
2670,31,9,218
2670,29,6,221
2666,31,6,223
2662,29,5,225
2670,27,7,223
2666,27,9,220
2674,32,6,222
2662,30,8,230
2670,34,2,232
2674,35,8,222
2666,41,11,223
2662,32,4,225
2662,27,5,234
2674,24,5,238
2682,27,6,229
2666,30,6,225
2678,28,5,226
2666,32,6,224
2662,31,6,228
2670,30,4,229
2658,28,8,228
2674,31,6,226
2658,30,3,224
2678,29,7,222
2670,36,3,237
2674,32,2,231
2678,31,5,228
2678,29,5,225
2670,37,7,221
2674,32,8,221
2658,30,10,225
2674,33,9,222
2662,31,9,225
2662,29,10,226
2670,28,10,225
2662,31,13,222
2674,27,13,220
2670,31,15,218
2710,39,9,221
2674,30,11,219
2662,28,14,222
2718,26,12,225
2682,27,7,231
2662,28,11,223
2678,30,8,224
2666,28,10,226
2666,32,10,223
2674,30,10,223
2662,31,10,222
2682,30,10,225
2666,29,7,223
2662,29,9,224
2670,23,12,223
2662,26,10,214
2674,27,3,228
2678,24,7,229
2662,33,8,228
2674,31,12,222
2662,31,8,225
2678,32,6,222
2670,28,5,218
2670,28,4,225
2674,27,8,226
2666,27,4,227
2674,28,9,226
2670,28,4,229
2662,26,1,233
2682,39,-2,238
2670,28,8,232
2670,32,8,225
2662,29,5,228
2658,36,8,223
2670,29,9,224
2666,31,7,226
2662,28,6,223
2674,31,6,220
2662,30,2,224
2678,33,4,221
2666,32,3,232
2674,36,3,232
2678,32,8,228
2666,35,12,224
2674,30,10,225
2662,33,-3,232
2686,34,8,221
2678,34,7,222
2670,34,6,224
2682,31,5,221
2670,30,7,224
2670,33,5,225
2674,34,6,225
2662,33,6,228
2682,31,7,227
2662,32,8,224
2670,36,5,222
2674,34,7,224
2662,34,5,226
2678,36,9,223
2674,32,12,219
2662,37,8,224
2670,33,9,223
2662,33,10,219
2678,33,9,224
2670,31,6,227
2662,30,7,226
2674,28,6,228
2662,29,8,227
2678,33,4,224
2670,32,8,222
2662,31,9,223
2674,25,7,224
2658,35,8,223
2674,35,2,224
2682,31,6,223
2662,31,7,225
2674,33,4,226
2662,33,4,226
2670,32,4,226
2666,28,5,225
2658,28,6,222
2674,31,2,228
2670,28,1,229
2682,31,9,235
2662,31,5,223
2662,24,5,228
2670,22,20,223
2710,30,7,223
2670,29,9,228
2670,30,9,226
2662,27,9,225
2674,32,8,221
2658,30,7,225
2670,31,9,220
2674,29,7,224
2658,36,4,223
2678,27,8,223
2662,30,12,214
2670,31,20,215
2718,30,14,224
2718,28,8,227
2674,37,10,221
2670,37,10,225
2662,34,9,225
2666,31,12,226
2658,32,10,229
2670,32,14,226
2718,31,13,224
2662,32,12,224
2678,32,9,228
2670,30,15,222
2718,32,9,222
2670,29,14,219
2710,33,18,225
2722,33,10,215
2674,33,9,231
2662,29,8,224
2670,32,10,224
2662,35,10,224
2674,34,8,227
2678,31,7,225
2662,31,5,226
2678,35,-2,229
2670,32,1,233
2678,32,1,233
2682,24,7,224
2662,29,7,219
2678,26,5,233
2670,25,7,226
2658,32,1,230
2682,32,4,227
2658,29,5,228
2670,29,4,229
2666,33,4,227
2662,32,5,226
2670,36,4,224
2658,30,10,226
2670,34,12,225
2670,36,10,228
2658,35,1,243
2682,24,8,226
2666,37,7,229
2678,29,6,222
2670,30,6,224
2662,33,10,222
2666,31,9,223
2662,32,8,226
2674,31,6,225
2666,31,10,219
2658,31,9,220
2670,31,11,220
2662,31,12,219
2670,32,7,224
2670,28,19,222
2714,32,11,220
2674,28,7,219
2666,41,10,220
2670,37,6,225
2682,34,6,224
2670,34,5,224
2678,35,5,224
2662,35,8,223
2662,35,6,222
2670,38,6,225
2666,33,6,230
2678,36,2,231
2678,34,6,218
2670,26,7,237
2662,29,8,225
2658,33,14,220
2726,26,6,227
2670,35,7,219
2666,32,7,223
2662,32,6,224
2662,32,7,227
2674,32,4,227
2666,31,5,227
2658,31,7,227
2674,30,11,224
2662,34,4,227
2666,32,2,234
2678,31,8,224
2662,32,5,231
2674,30,3,230
2674,26,8,228
2674,28,4,235
2662,30,6,225
2666,32,6,221
2670,32,6,225
2658,30,7,225
2670,31,7,224
2666,32,8,226
2658,31,4,229
2670,33,6,229
2658,34,7,229
2670,30,0,228
2682,37,6,223
2666,21,13,233
2674,28,13,224
2662,29,9,225
2662,29,7,223
2674,30,11,222
2666,31,12,225
2674,30,10,221
2658,31,9,221
2670,31,7,222
2674,31,9,222
2670,33,7,223
2678,29,10,219
2666,33,2,226
2678,34,5,226
2670,24,3,223
2670,29,3,224
2686,30,4,229
2670,31,8,225
2666,29,7,226
2670,29,6,223
2658,29,6,225
2674,31,6,225
2670,30,7,223
2658,27,6,229
2670,29,8,221
2662,30,12,222
2674,33,9,221
2670,34,10,222
2662,31,6,226
2670,31,6,229
2662,37,6,223
2674,35,7,226
2666,32,8,222
2658,35,7,226
2670,32,9,231
2662,32,11,227
2674,33,8,225
2662,35,6,223
2670,34,7,223
2674,29,8,223
2662,33,10,225
2674,41,13,218
2674,28,6,222
2658,32,12,217
2670,29,8,227
2658,33,7,220
2670,32,3,227
2678,33,6,224
2666,33,3,229
2682,32,7,225
2666,32,9,228
2662,31,9,226
2670,31,8,225
2662,29,7,223
2670,30,6,226
2666,33,3,235
2678,30,4,234
2666,31,4,230
2658,26,8,226
2670,30,5,229
2662,32,4,231
2666,29,5,224
2666,30,6,222
2658,32,6,226
2674,29,7,225
2662,32,7,223
2662,32,8,226
2666,32,6,219
2662,35,3,216
2682,33,11,223
2662,33,2,233
2674,33,6,230
2674,30,5,227
2658,29,9,218
2678,32,9,222
2662,31,9,223
2670,28,9,224
2674,28,7,225
2658,32,8,220
2678,31,7,223
2662,31,9,222
2666,39,11,223
2670,34,13,217
2670,35,10,227
2670,32,14,218
2718,29,10,220
2662,27,7,224
2674,36,7,222
2662,30,9,222
2674,30,9,225
2670,31,8,227
2662,31,6,221
2666,33,6,223
2658,32,6,225
2670,31,9,223
2670,35,5,225
2662,37,5,221
2662,34,10,223
2658,34,5,231
2682,33,8,222
2662,30,1,229
2674,34,6,220
2674,30,5,228
2662,34,3,225
2678,32,4,227
2670,35,3,228
2670,31,1,227
2678,31,5,226
2666,32,1,230
2678,31,0,226
2682,34,0,225
2678,29,4,223
2678,31,2,227
2674,39,4,227
2674,31,6,243
2666,26,5,223
2658,27,6,222
2678,29,7,224
2666,28,8,222
2666,31,8,226
2670,31,8,223
2662,30,9,224
2682,30,11,220
2662,31,11,218
2658,35,10,223
2670,35,8,229
2662,38,5,224
2682,34,9,228
2666,31,2,225
2670,32,8,218
2674,32,12,222
2662,33,8,219
2678,33,6,223
2670,37,4,223
2666,34,6,227
2670,31,9,224
2662,32,6,225
2670,32,6,221
2666,32,1,230
2674,36,5,227
2666,32,5,224
2662,35,8,225
2670,32,0,227
2682,37,5,224
2662,31,5,227
2670,31,2,227
2670,31,8,228
2678,28,7,229
2670,29,9,221
2658,33,6,222
2670,31,6,226
2658,31,6,226
2670,32,3,228
2674,29,8,222
2670,36,6,226
2674,26,4,224
2658,28,15,218
2726,31,9,224
2666,30,7,218
2658,27,6,228
2678,28,7,225
2662,29,7,224
2658,27,5,224
2670,28,4,226
2662,30,5,224
2686,32,6,226
2670,32,7,217
2662,29,8,228
2670,30,6,232
2662,30,7,228
2682,26,17,221
2714,30,4,221
2666,31,11,225
2670,29,8,229
2662,30,10,224
2670,33,7,224
2666,28,7,221
2658,28,4,218
2670,29,3,221
2666,33,7,223
2674,29,13,233
2670,31,14,239
2714,28,10,239
2674,32,3,231
2674,41,-8,234
2734,30,-9,224
2730,32,2,226
2670,32,5,229
2674,30,10,228
2674,31,7,227
2658,35,8,226
2670,34,5,222
2662,30,6,228
2670,37,5,222
2678,29,10,222
2662,27,9,231
2678,30,6,227
2666,30,3,228
2678,39,8,224
2670,36,4,232
2658,31,6,222
2674,31,8,221
2662,32,10,220
2670,31,10,222
2674,30,10,218
2662,31,10,222
2678,28,10,222
2682,30,6,228
2670,36,7,221
2674,36,5,225
2662,32,6,231
2682,26,8,227
2670,36,6,225
2662,33,2,230
2678,36,4,222
2662,32,3,227
2686,31,4,227
2674,31,4,229
2662,29,6,227
2662,28,4,228
2658,33,5,226
2670,32,3,227
2678,31,11,222
2662,29,3,226
2678,35,0,234
2678,33,11,220
2666,30,5,230
2670,28,7,225
2666,33,8,221
2666,33,6,224
2662,34,5,224
2670,36,5,225
2678,34,4,234
2662,32,2,229
2694,39,3,232
2670,34,4,232
2670,37,3,237
2678,32,9,230
2658,35,2,228
2686,35,7,222
2674,35,-6,236
2718,30,-2,234
2686,30,3,231
2670,27,4,232
2674,29,4,229
2662,29,6,229
2666,29,10,231
2674,29,7,231
2658,28,9,221
2670,26,10,221
2670,30,14,214
2714,29,15,212
2730,27,19,221
2718,25,23,213
2714,31,16,220
2718,29,19,217
2726,30,18,221
2718,32,14,228
2718,34,13,225
2670,35,15,224
2722,37,14,225
2722,41,10,227
2670,50,9,230
2674,47,0,241
2678,49,0,243
2670,41,1,240
2678,50,4,239
2658,45,-4,236
2678,50,-9,236
2734,53,-11,231
2718,48,-13,230
2738,49,-10,227
2730,52,-11,225
2726,53,-10,245
2738,46,-14,238
2726,54,-14,244
2718,46,-3,232
2686,42,3,223
2682,45,1,222
2670,46,3,222
2674,42,8,214
2662,44,8,215
2670,47,14,216
2722,46,14,209
2714,49,16,207
2722,46,20,205
2726,50,21,200
2714,49,13,200
2670,51,11,201
2658,54,10,205
2678,62,10,204
2670,59,15,207
2714,58,13,213
2686,55,13,214
2662,59,11,209
2662,59,10,214
2670,62,6,219
2666,65,1,216
2686,66,-1,219
2686,64,1,224
2674,65,-2,225
2686,66,-2,231
2674,75,-6,240
2726,74,-13,242
2730,87,16,256
2718,131,118,304
2834,122,65,348
2774,178,90,450
2774,179,72,418
2766,153,-4,329
2734,166,-55,266
2774,182,-48,221
2774,167,-33,217
2790,144,-39,285
2786,145,-7,273
2778,147,15,266
2770,142,31,266
2774,129,47,278
2770,120,62,279
2766,124,57,261
2782,140,46,252
2770,140,47,246
2762,151,44,239
2778,146,43,242
2770,141,40,234
2766,138,36,241
2774,143,32,233
2770,148,22,234
2770,146,24,226
2758,153,15,249
2782,152,20,234
2778,153,8,239
2718,153,5,237
2722,154,4,238
2726,152,4,235
2710,154,4,232
2722,154,5,231
2718,149,4,232
2714,155,1,233
2738,158,8,229
2726,147,3,242
2722,151,19,217
2782,143,11,228
2722,141,11,225
2722,140,11,223
2730,145,6,224
2718,142,7,224
2710,144,3,224
2734,134,1,227
2734,136,1,217
2726,142,-13,227
2790,140,-8,222
2782,139,-19,215
2770,139,-14,213
2774,139,-11,214
2782,140,-14,216
2778,136,-9,213
2774,137,-10,213
2782,145,-12,216
2778,143,-15,217
2774,146,-16,219
2786,141,-9,214
2786,142,-11,215
2782,136,-14,213
2778,134,-18,214
2778,134,-19,206
2778,133,-19,202
2774,132,-24,210
2786,126,-21,213
2774,122,-30,203
2774,97,-53,251
2730,101,-40,237
2726,121,4,203
2718,132,27,162
2774,131,34,113
2782,143,29,100
2722,125,33,121
2766,109,28,154
2770,93,23,191
2718,75,7,219
2662,73,3,210
2682,78,5,193
2658,87,12,179
2670,97,7,182
2670,98,3,190
2670,95,4,190
2674,89,8,197
2666,90,3,218
2678,84,13,191
2666,87,1,205
2678,86,9,193
2674,82,19,188
2714,76,18,202
2718,73,28,204
2722,72,30,204
2718,70,27,213
2722,66,32,210
2718,63,33,213
2714,64,26,211
2722,61,18,218
2718,61,13,225
2662,59,14,220
2726,54,19,224
2722,50,28,221
2714,46,29,228
2738,38,26,236
2718,32,28,238
2714,30,28,245
2726,32,26,248
2718,32,24,247
2718,21,22,248
2718,21,21,252
2718,18,20,248
2714,10,13,245
2626,4,-2,251
2622,8,-1,237
2638,-2,-9,217
2694,-11,-6,207
2746,-13,-1,197
2694,-17,6,192
2682,-18,9,190
2686,-25,17,186
2746,-25,25,188
2730,-30,39,189
2746,-29,39,189
2746,-29,53,186
2734,-26,63,180
2742,-27,68,188
2742,-28,67,196
2730,-26,62,201
2738,-25,56,205
2738,-23,47,212
2730,-19,35,218
2742,-18,32,218
2738,-20,12,228
2678,-21,5,232
2694,-8,1,230
2698,-7,-6,240
2742,-7,-12,268
2762,-5,-9,271
2702,-5,-7,271
2694,-9,-7,274
2750,-10,-7,267
2746,-9,-5,258
2698,-18,-1,253
2702,-15,-1,252
2694,-23,-1,238
2690,-24,4,229
2686,-30,-7,221
2742,-35,-19,212
2754,-38,-21,203
2746,-36,-23,191
2742,-38,-17,179
2746,-37,-15,176
2742,-46,3,166
2694,-53,7,167
2686,-48,16,168
2738,-51,25,163
2742,-39,32,154
2742,-37,29,157
2742,-37,36,160
2734,-33,40,168
2738,-31,43,176
2738,-26,44,186
2734,-24,44,194
2742,-24,45,203
2742,-13,48,213
2734,-6,45,220
2738,-4,32,232
2686,-7,33,230
2734,-3,26,247
2690,-3,23,245
2690,-7,18,248
2738,-8,12,249
2686,-12,4,252
2690,-17,4,242
2682,-19,6,240
2706,-22,9,233
2682,-26,3,228
2694,-35,8,224
2686,-38,12,215
2686,-42,11,203
2690,-45,17,204
2742,-47,19,198
2738,-46,19,195
2742,-45,23,192
2742,-41,30,195
2738,-40,34,194
2742,-40,30,204
2746,-43,28,210
2738,-39,28,219
2738,-40,17,232
2742,-35,27,225
2730,-33,29,229
2742,-33,32,229
2742,-35,27,232
2738,-39,19,232
2738,-33,11,233
2686,-38,1,234
2694,-46,-2,226
2702,-41,-6,226
2746,-49,-6,223
2742,-56,-5,224
2710,-60,-3,215
2698,-61,0,213
2694,-59,0,217
2698,-56,-2,216
2690,-59,1,216
2694,-53,6,220
2686,-54,3,223
2694,-53,0,235
2706,-53,-10,247
2750,-45,-9,240
2742,-43,-18,238
2754,-51,-19,240
2758,-42,-29,238
2746,-38,-13,232
2746,-42,9,225
2686,-43,19,210
2734,-40,20,208
2742,-38,19,206
2750,-41,21,209
2730,-39,23,206
2742,-41,25,207
2742,-41,26,204
2734,-37,28,207
2738,-34,20,220
2734,-31,16,226
2734,-27,16,235
2746,-28,13,238
2694,-26,12,247
2686,-22,3,247
2706,-19,7,253
2686,-12,-5,262
2694,-14,0,254
2698,-9,2,248
2690,-13,5,256
2690,-14,3,262
2702,-11,6,257
2686,-10,5,255
2694,-7,13,249
2694,-6,14,248
2730,-7,14,242
2746,-6,11,244
2690,-8,8,245
2678,-9,5,249
2686,-3,-1,233
2634,-2,-3,237
2642,-9,-8,233
2746,-10,-12,224
2746,-10,-18,226
2754,-10,-22,220
2754,-12,-18,217
2738,-11,-15,216
2746,-10,-11,220
2758,-6,-13,223
2738,-8,-2,222
2698,-4,6,216
2642,-8,-2,233
2698,0,10,223
2646,-2,6,227
2626,3,1,236
2646,4,5,236
2630,3,5,243
2622,8,5,244
2630,7,6,247
2614,10,11,251
2630,13,11,253
2626,14,19,254
2726,12,19,255
2678,17,26,248
2710,23,28,250
2730,15,25,257
2718,22,25,256
2714,25,22,259
2718,24,27,256
2722,21,21,260
2710,25,17,260
2726,26,12,262
2666,29,7,265
2674,31,7,260
2678,29,10,260
2662,27,8,257
2678,25,2,262
2674,24,13,238
2670,26,3,245
2678,24,-1,241
2674,16,-7,228
2738,15,-9,225
2722,18,-10,227
2726,17,-8,224
2742,21,-2,225
2674,19,4,228
2670,13,2,231
2630,14,1,234
2670,17,0,241
2686,18,3,233
2682,28,2,235
2674,23,5,238
2670,25,5,232
2662,25,19,243
2722,30,28,239
2726,31,29,243
2718,33,32,249
2722,33,29,255
2722,39,30,256
2714,36,31,261
2726,43,31,261
2726,45,30,262
2714,38,34,260
2734,34,41,254
2718,35,49,251
2718,37,54,248
2734,34,58,246
2718,33,59,244
2714,30,61,241
2722,30,63,243
2718,32,64,239
2714,35,71,247
2722,31,75,246
2718,29,90,247
2718,36,92,256
2726,40,83,260
2714,42,79,266
2722,45,72,265
2722,44,69,264
2718,47,68,262
2722,45,70,263
2726,45,72,260
2714,49,68,271
2714,56,78,275
2730,46,69,268
2710,39,83,276
2726,36,87,274
2718,39,89,276
2714,43,90,278
2726,43,92,279
2722,44,91,277
2718,45,92,275
2726,47,92,283
2718,44,98,275
2714,54,95,277
2718,49,99,257
2718,46,109,268
2778,47,112,253
2786,48,111,245
2782,52,115,230
2774,57,121,220
2774,56,131,215
2778,53,140,210
2790,51,152,204
2774,44,163,188
2778,41,164,199
2782,34,160,179
2778,31,155,180
2786,28,143,182
2782,29,135,169
2778,25,127,162
2782,31,122,161
2778,17,115,170
2782,21,102,181
2714,18,99,176
2730,25,83,183
2722,28,83,192
2714,33,80,197
2730,33,81,202
2722,40,79,209
2718,39,78,209
2718,39,76,215
2718,43,70,224
2714,49,66,224
2718,39,70,218
2714,39,68,220
2718,47,61,199
2718,44,56,198
2710,39,53,202
2718,34,57,199
2726,30,55,202
2718,30,49,205
2722,31,52,200
2722,34,45,206
2714,34,46,211
2730,33,50,203
2714,34,42,211
2718,34,47,210
2722,35,48,212
2722,37,46,213
2714,36,52,211
2734,37,50,211
2718,36,53,205
2714,33,56,204
2726,29,49,204
2718,29,50,207
2722,31,46,212
2718,25,47,204
2722,34,46,202
2714,32,47,204
2718,33,53,205
2710,34,54,202
2718,33,60,203
2718,25,65,206
2714,28,51,210
2722,34,47,207
2722,34,57,196
2714,41,58,188
2718,37,64,189
2722,38,76,192
2714,39,78,191
2722,41,82,194
2726,38,81,197
2714,39,84,201
2730,37,92,189
2722,36,85,190
2714,42,88,198
2734,36,79,205
2718,39,68,219
2714,42,60,223
2726,50,49,227
2726,52,42,238
2718,50,34,244
2718,46,21,251
2722,44,13,249
2658,43,-2,252
2686,41,-8,243
2722,33,-8,233
2726,24,-18,238
2738,25,-20,241
2726,24,-16,236
2734,19,-17,222
2742,20,-14,224
2722,18,-5,220
2678,19,1,217
2674,17,6,211
2670,12,14,217
2674,10,17,221
2666,11,20,211
2674,23,14,203
2722,24,15,198
2714,26,14,207
2738,26,20,206
2722,29,20,214
2714,33,26,220
2734,33,26,228
2722,34,25,231
2718,34,22,230
2726,42,19,236
2718,40,18,239
2718,40,12,249
2666,44,10,238
2662,42,5,245
2674,34,5,238
2674,29,3,232
2678,28,1,233
2694,24,-2,234
2674,25,-4,233
2682,24,-1,231
2678,24,-4,229
2670,28,-5,226
2690,24,-4,229
2682,27,-10,235
2726,21,0,230
2678,22,-12,233
2738,21,-10,240
2722,27,-5,241
2682,17,-10,241
2726,26,-4,233
2678,28,-4,236
2678,27,-3,234
2674,26,2,240
2686,26,12,229
2670,34,22,222
2714,38,31,225
2718,36,53,220
2714,34,69,221
2722,38,91,219
2726,42,93,240
2710,34,89,224
2718,43,90,209
2718,42,88,215
2706,38,85,212
2722,40,87,207
2730,39,87,211
2714,34,85,221
2726,28,75,222
2722,32,74,223
2714,38,64,227
2730,37,58,220
2714,33,29,237
2714,32,10,243
2678,41,1,244
2670,42,-12,247
2734,43,-18,248
2734,41,-22,253
2726,39,-28,255
2726,36,-29,258
2730,36,-37,259
2726,29,-36,248
2730,37,-43,230
2730,29,-47,220
2718,30,-44,216
2738,29,-37,213
2730,34,-28,215
2718,33,-17,217
2726,35,-13,220
2730,34,-13,222
2718,32,-18,222
2738,32,-16,217
2726,31,-18,220
2726,32,-28,218
2730,38,-30,211
2734,37,-25,211
2718,41,-29,211
2730,40,-33,207
2738,38,-35,207
2722,36,-36,211
2730,35,-37,214
2738,37,-42,207
2722,38,-48,215
2734,33,-36,199
2726,35,-32,202
2722,32,-27,199
2742,31,-36,206
2738,29,-51,218
2722,28,-62,228
2734,27,-74,231
2730,26,-77,230
2718,24,-75,231
2738,23,-72,231
2730,28,-79,244
2730,27,-77,242
2738,33,-73,249
2722,34,-78,252
2730,33,-75,249
2734,36,-75,242
2730,39,-66,243
2726,41,-63,244
2738,40,-55,246
2726,45,-51,250
2726,44,-49,258
2738,38,-45,263
2726,40,-36,252
2718,39,-33,247
2746,39,-23,233
2722,35,-16,222
2726,31,-13,221
2738,28,-18,226
2730,25,-21,221
2722,28,-26,217
2746,26,-29,210
2722,28,-37,223
2726,30,-35,230
2738,26,-47,222
2738,24,-48,223
2722,23,-52,226
2730,26,-52,225
2730,24,-50,222
2722,25,-48,218
2734,20,-43,208
2726,19,-46,211
2726,26,-43,201
2730,25,-48,202
2734,28,-47,214
2730,26,-38,212
2722,29,-25,213
2730,30,-17,214
2722,34,-11,216
2726,35,-9,219
2734,38,-9,218
2722,37,-10,224
2730,45,-4,227
2670,50,13,233
2674,41,7,221
2678,44,17,226
2710,52,35,223
2726,55,44,225
2722,55,51,229
2714,60,59,234
2730,57,66,238
2722,61,65,248
2718,62,69,252
2726,62,70,248
2722,58,64,255
2714,53,71,251
2718,57,62,251
2726,53,47,246
2714,52,44,243
2718,50,42,245
2718,49,38,243
2718,49,34,235
2718,48,30,233
2714,45,29,229
2726,38,37,216
2722,44,37,238
2710,38,36,225
2718,35,52,220
2726,32,57,206
2714,36,58,205
2726,37,60,209
2718,41,59,211
2714,41,58,218
2734,39,56,218
2722,41,44,220
2714,41,38,224
2726,39,33,221
2726,41,38,204
2710,44,26,220
2718,39,21,215
2718,40,20,221
2714,41,15,222
2718,37,14,229
2718,34,7,224
2666,33,6,221
2670,28,7,213
2670,31,3,218
2686,32,9,212
2670,28,-1,212
2674,23,2,213
2678,29,0,217
2678,22,0,217
2682,22,4,218
2666,23,3,218
2674,26,1,221
2682,26,6,222
2662,31,4,221
2662,29,4,217
2670,29,6,220
2662,30,5,213
2662,28,10,209
2658,30,15,210
2718,26,20,206
2726,31,20,215
2718,32,17,215
2726,35,28,209
2722,34,34,206
2718,34,37,210
2726,37,40,209
2722,37,46,213
2714,43,40,218
2734,38,40,221
2722,39,36,222
2714,40,40,218
2730,38,29,222
2726,44,30,225
2710,41,34,225
2722,41,31,230
2722,39,26,236
2714,42,24,242
2722,46,16,241
2718,47,20,246
2718,46,17,242
2718,44,9,246
2662,50,18,244
2718,45,19,242
2726,43,17,238
2714,45,19,247
2722,40,18,247
2718,43,22,242
2710,47,22,239
2734,45,23,241
2718,48,28,243
2714,46,33,243
2726,48,42,246
2722,45,47,250
2718,43,46,250
2730,47,39,254
2722,50,48,246
2710,45,46,252
2718,46,44,248
2722,46,44,248
2718,43,43,242
2722,42,46,242
2718,44,48,237
2726,38,45,248
2730,31,50,244
2714,33,49,234
2718,36,46,225
2726,36,42,225
2710,34,41,225
2718,33,39,236
2718,33,39,233
2714,31,40,240
2726,25,40,240
2718,25,45,239
2706,27,43,242
2734,23,46,238
2722,33,55,223
2714,31,55,237
2726,27,55,248
2722,27,63,240
2714,24,61,243
2730,26,62,246
2722,24,63,245
2718,23,60,245
2718,27,62,240
2722,17,63,248
2714,15,65,244
2722,18,65,252
2714,9,65,257
2674,14,62,249
2726,10,59,252
2674,7,54,256
2678,7,57,256
2682,7,57,261
2662,7,56,270
2678,6,59,267
2666,4,62,266
2678,-4,59,262
2702,-5,60,264
2686,-6,54,256
2746,-8,52,255
2742,-15,55,244
2726,-14,57,257
2754,-17,63,258
2738,-20,64,262
2738,-16,60,264
2754,-21,56,264
2734,-22,50,272
2738,-23,49,276
2746,-26,49,270
2746,-27,48,270
2738,-28,50,262
2742,-37,45,268
2742,-36,41,261
2730,-36,40,253
2742,-38,37,248
2734,-39,37,240
2742,-47,44,227
2738,-49,40,231
2738,-50,41,224
2734,-48,49,228
2738,-57,53,218
2738,-56,49,209
2738,-58,58,204
2742,-57,57,199
2738,-61,61,197
2738,-62,59,193
2742,-63,56,196
2738,-62,55,202
2734,-64,47,216
2734,-58,42,223
2746,-63,35,235
2730,-59,25,235
2734,-58,19,236
2746,-61,16,229
2734,-62,22,225
2738,-64,22,217
2738,-68,22,212
2750,-70,29,212
2734,-70,25,199
2738,-76,27,202
2734,-74,26,194
2734,-72,18,189
2738,-75,29,186
2742,-76,33,185
2730,-77,38,187
2738,-74,42,187
2738,-70,50,187
2738,-74,52,192
2738,-70,59,190
2742,-61,62,172
2730,-69,52,188
2738,-62,58,197
2742,-61,62,198
2734,-59,59,196
2750,-57,56,200
2734,-54,54,200
2738,-53,54,198
2750,-52,57,202
2738,-52,56,197
2734,-50,50,201
2746,-55,59,191
2734,-51,52,195
2738,-56,56,188
2746,-53,56,186
2738,-51,59,187
2734,-49,56,190
2746,-40,55,197
2742,-41,56,208
2730,-39,55,209
2742,-38,52,212
2750,-39,57,210
2730,-33,65,205
2738,-35,65,209
2746,-32,63,204
2738,-34,66,199
2738,-29,65,193
2738,-30,66,186
2738,-24,68,188
2742,-30,75,176
2738,-29,88,178
2730,-19,82,178
2738,-24,99,164
2738,-18,93,160
2738,-14,86,161
2734,-12,81,167
2742,-9,78,174
2734,-3,70,182
2698,-1,69,192
2698,5,61,203
2670,6,53,215
2678,17,44,220
2722,11,49,225
2666,11,28,228
2674,9,19,234
2666,13,15,235
2674,17,8,229
2670,17,10,230
2662,16,14,226
2726,20,20,224
2718,26,24,222
2718,31,28,216
2718,29,32,218
2714,29,36,213
2726,29,32,208
2718,31,49,204
2710,39,51,204
2718,32,67,200
2718,36,71,200
2710,38,79,204
2718,43,81,204
2726,48,90,207
2710,49,96,208
2726,51,97,213
2718,52,98,225
2718,55,83,234
2738,54,94,237
2722,52,91,235
2714,55,82,226
2730,58,77,228
2722,61,71,229
2714,59,68,232
2726,58,63,242
2726,55,64,248
2714,47,64,250
2718,50,67,242
2730,48,63,249
2710,47,58,244
2726,48,51,234
2710,43,49,226
2718,43,43,237
2726,41,35,241
2714,40,23,241
2718,40,11,247
2670,38,3,244
2674,43,-1,233
2694,54,-12,240
2730,49,-14,224
2722,47,-10,209
2734,40,-4,202
2682,51,8,191
2662,49,19,182
2722,55,27,176
2714,59,33,163
2722,58,40,151
2722,61,40,146
2710,61,46,148
2718,66,48,146
2730,67,47,138
2710,70,53,149
2722,72,55,151
2718,71,37,163
2714,78,31,175
2730,81,35,190
2718,86,40,208
2710,89,43,232
2734,88,40,254
2714,92,39,268
2714,96,34,280
2718,96,33,289
2718,102,25,300
2714,110,21,313
2778,113,23,319
2770,108,5,331
2714,103,3,330
2674,100,3,322
2674,99,2,320
2682,97,3,311
2686,89,2,311
2670,91,4,299
2682,84,1,293
2678,86,2,286
2678,91,-17,293
2734,66,-18,269
2722,71,-22,265
2734,62,-14,229
2726,60,-23,224
2718,56,-24,226
2738,54,-20,221
2722,49,-21,216
2726,53,-24,208
2722,51,-36,210
2730,48,-39,210
2722,42,-30,198
2730,38,-35,193
2730,25,-28,183
2718,27,-25,182
2726,27,-18,187
2734,33,-9,194
2718,34,-4,202
2678,34,0,215
2678,38,1,220
2674,37,-4,227
2682,38,-9,237
2726,38,-5,241
2678,39,-12,224
2726,45,-10,231
2722,45,6,223
2670,46,7,218
2670,48,14,220
2714,54,22,223
2734,52,31,228
2714,57,41,230
2714,62,47,235
2726,67,57,230
2722,69,54,228
2714,74,59,225
2726,65,66,230
2722,67,59,233
2718,66,61,224
2726,66,57,220
2714,67,56,219
2722,68,49,220
2726,69,49,220
2710,68,47,219
2718,71,40,222
2726,69,42,224
2714,79,46,225
2718,82,41,234
2730,71,37,250
2714,72,41,247
2726,69,36,244
2714,68,34,243
2714,67,33,243
2730,66,32,243
2722,65,36,237
2714,66,40,243
2730,59,40,246
2722,60,34,248
2714,58,39,247
2726,62,32,240
2722,54,30,237
2718,55,32,235
2718,57,27,238
2722,53,26,234
2714,51,29,231
2718,54,34,228
2714,53,36,232
2718,53,33,233
2722,58,39,225
2718,66,36,242
2718,64,45,231
2718,70,37,238
2714,65,36,238
2722,68,35,237
2730,66,33,241
2710,70,25,243
2722,67,20,246
2722,69,18,238
2714,69,25,230
2734,59,20,225
2718,71,27,226
2714,66,30,243
2730,70,24,239
2722,70,19,241
2718,72,21,243
2718,74,16,240
2718,71,19,246
2714,74,17,248
2726,74,15,260
2726,78,17,275
2714,80,17,284
2726,80,13,300
2670,93,4,322
2662,89,7,313
2666,88,3,299
2682,83,5,273
2674,77,3,260
2674,74,-6,244
2730,66,-4,238
2678,66,-1,223
2670,62,-4,227
2678,60,-5,239
2678,53,-1,238
2678,53,-17,248
2734,53,-11,260
2730,46,-4,240
2678,42,9,236
2670,42,15,230
2714,38,22,225
2718,33,29,222
2730,31,26,220
2714,32,34,226
2734,30,43,224
2722,23,45,227
2714,29,45,234
2730,21,43,247
2718,21,48,237
2714,18,49,229
2734,17,49,227
2718,18,49,224
2714,17,48,221
2734,13,47,222
2682,18,48,214
2714,14,42,219
2726,9,40,227
2666,12,29,228
2678,11,36,226
2686,13,37,222
2670,10,31,226
2690,14,26,224
2718,11,26,225
2666,14,24,222
2718,12,20,220
2666,10,22,220
2674,10,19,220
2686,11,20,222
2670,8,18,220
2678,7,18,218
2674,12,14,216
2670,8,18,213
2686,8,6,234
2622,10,10,218
2634,10,4,223
2618,5,16,216
2682,8,17,211
2682,6,14,210
2670,5,14,209
2682,5,17,205
2666,8,13,205
2622,5,14,207
2678,2,15,203
2690,4,12,201
2626,5,7,204
2614,6,15,202
2682,7,6,212
2614,13,9,214
2622,13,2,221
2634,10,-1,217
2622,12,-5,232
2626,20,-2,233
2682,16,-1,236
2686,18,-1,242
2682,20,-2,243
2674,21,-3,243
2674,24,-9,247
2730,27,-2,244
2678,29,-2,250
2678,15,-7,250
2722,23,-1,244
2690,31,-11,250
2722,24,-8,251
2726,18,-8,239
2738,18,-10,243
2726,16,-11,244
2726,18,-9,239
2738,18,-9,241
2726,19,-11,243
2722,19,-7,249
2746,14,-7,253
2730,16,4,237
2662,18,-10,247
2730,20,-2,250
2670,19,0,245
2678,22,-6,250
2730,24,-11,258
2730,22,-18,260
2730,25,-25,265
2734,22,-28,260
2722,20,-35,263
2730,22,-37,253
2730,27,-41,253
2726,25,-53,254
2722,22,-48,261
2738,16,-48,240
2726,18,-48,236
2738,16,-49,229
2738,17,-46,224
2722,12,-43,222
2678,10,-43,224
2678,10,-40,224
2678,14,-41,220
2722,13,-41,222
2682,12,-38,230
2678,9,-37,215
2678,8,-37,228
2670,12,-38,224
2690,8,-35,222
2682,11,-33,226
2674,13,-33,227
2682,18,-44,235
2726,17,-50,236
2734,7,-52,233
2678,12,-55,243
2670,14,-53,226
2734,16,-59,230
2726,14,-56,227
2718,15,-53,223
2742,5,-51,224
2678,6,-56,224
2674,6,-58,227
2678,6,-62,230
2670,7,-64,231
2678,9,-69,229
2690,9,-66,225
2670,7,-65,231
2686,1,-68,231
2706,4,-68,232
2674,9,-71,236
2678,-2,-73,227
2690,-5,-75,227
2694,5,-71,228
2678,1,-72,225
2694,2,-73,225
2694,-1,-64,228
2686,-2,-65,232
2702,-6,-64,243
2754,1,-58,241
2686,4,-59,241
2686,7,-58,232
2686,4,-70,248
2670,-1,-72,249
2702,1,-68,251
2698,-4,-73,248
2690,-3,-67,240
2694,-6,-68,235
2738,-3,-65,241
2698,-2,-73,246
2698,-4,-75,248
2694,-7,-80,243
2754,-7,-86,244
2758,-7,-89,242
2750,-9,-94,240
2750,-1,-94,240
2698,4,-99,248
2730,4,-91,259
2678,1,-90,259
2694,6,-90,256
2674,9,-93,253
2694,9,-91,259
2670,6,-91,257
2678,6,-91,258
2682,4,-93,246
2670,6,-93,244
2686,4,-83,243
2678,0,-90,260
2694,7,-84,256
2674,11,-83,263
2674,12,-68,262
2682,13,-66,259
2686,15,-64,258
2722,14,-70,256
2738,6,-80,246
2678,5,-86,234
2670,-4,-86,209
2694,-9,-76,189
2742,-10,-70,189
2750,-11,-63,193
2754,-19,-47,183
2746,-10,-52,189
2742,-14,-56,194
2742,-7,-60,197
2746,-8,-62,194
2746,-4,-67,192
2702,0,-82,201
2698,0,-93,198
2690,2,-114,199
2762,14,-131,220
2782,12,-125,208
2734,7,-132,220
2742,7,-139,228
2734,11,-139,228
2734,14,-141,226
2790,20,-136,223
2786,20,-136,225
2782,31,-133,217
2782,34,-128,224
2790,32,-123,230
2790,30,-111,246
2778,32,-105,247
2782,39,-105,239
2786,40,-102,236
2778,41,-98,229
2778,40,-95,223
2738,38,-90,201
2722,26,-96,183
2778,15,-93,184
2730,3,-85,180
2690,-18,-55,153
2746,-17,-31,139
2754,-17,-16,137
2746,-14,2,140
2694,-10,14,149
2738,-7,28,152
2738,1,45,152
2702,10,52,172
2678,14,59,164
2714,22,50,174
2726,15,42,181
2718,22,17,190
2718,28,6,198
2678,32,-4,211
2678,39,-11,222
2726,45,-23,230
2722,48,-31,247
2742,54,-40,254
2722,65,-44,260
2730,59,-46,266
2734,65,-47,273
2730,53,-50,276
2730,51,-29,261
2718,51,-24,265
2734,49,-17,265
2726,50,-22,266
2718,47,-22,260
2730,49,-13,254
2730,34,-4,241
2674,30,25,213
2718,21,53,200
2718,7,73,188
2662,0,94,186
2694,-11,90,149
2738,-25,76,134
2734,-27,69,110
2746,-28,67,94
2694,-22,70,94
2682,-24,79,103
2686,-23,83,124
2738,-16,83,150
2738,-11,87,174
2746,-5,93,179
2694,1,75,200
2690,20,55,241
2718,26,52,243
2722,27,44,245
2722,30,34,249
2726,31,27,252
2714,28,21,249
2722,33,18,249
2718,30,16,247
2718,27,11,251
2678,18,14,240
2722,27,22,251
2710,15,13,249
2670,12,6,248
2614,-1,5,238
2642,-10,6,227
2694,-24,24,204
2734,-35,52,174
2742,-45,79,149
2738,-51,103,135
2734,-59,129,138
2806,-61,144,135
2802,-58,155,135
2790,-54,171,149
2798,-48,174,156
2798,-42,169,176
2802,-29,160,197
2802,-21,151,215
2802,-11,135,244
2802,-2,125,274
2754,5,120,284
2726,17,106,305
2786,37,65,338
2718,39,62,346
2714,42,55,346
2718,46,47,345
2722,47,49,342
2714,50,48,335
2722,48,57,331
2714,39,62,335
2722,39,78,343
2718,24,75,333
2714,18,80,316
2718,13,74,281
2678,10,72,261
2674,5,67,254
2682,2,71,242
2694,-5,79,229
2690,-13,93,224
2738,-14,111,216
2798,-22,129,215
2794,-24,138,207
2810,-21,139,218
2806,-13,133,226
2802,-1,124,222
2746,2,115,228
2750,7,102,233
2674,9,90,248
2670,15,84,253
2722,15,73,264
2714,20,62,279
2718,20,67,281
2722,20,44,304
2718,18,37,283
2722,31,18,276
2726,32,11,281
2666,28,13,280
2674,26,15,271
2722,23,21,268
2714,17,29,258
2726,17,40,249
2718,12,43,248
2674,18,49,237
2726,12,52,232
2670,11,57,226
2670,2,50,222
2694,-4,51,209
2686,-8,50,202
2734,-7,54,193
2742,-7,57,193
2734,-5,66,196
2698,-1,73,205
2690,-5,84,218
2686,-15,79,229
2742,-11,69,244
2730,5,59,256
2674,12,48,247
2682,14,33,254
2722,28,23,271
2730,30,13,275
2666,32,9,280
2670,31,6,279
2666,37,3,273
2674,23,1,260
2686,31,-1,262
2686,30,3,246
2670,27,3,248
2694,18,-1,255
2678,21,5,249
2662,20,15,234
2718,14,13,244
2662,16,19,248
2726,17,25,242
2726,20,24,233
2714,18,29,236
2726,12,31,236
2678,10,32,237
2666,14,25,231
2726,12,19,232
2674,14,23,217
2722,19,17,223
2722,9,19,223
2674,13,15,228
2670,4,7,234
2634,8,-2,242
2626,8,-11,244
2674,6,-18,240
2678,5,-23,245
2686,7,-29,244
2678,10,-31,249
2678,22,-44,254
2722,24,-51,260
2742,10,-46,248
2674,5,-49,233
2678,7,-50,226
2678,6,-48,213
2682,11,-53,218
2678,9,-46,218
2670,7,-41,217
2678,6,-38,214
2674,3,-34,214
2702,5,-32,209
2686,11,-39,217
2670,8,-36,218
2686,12,-31,213
2678,7,-33,221
2674,1,-24,212
2702,2,-36,221
2694,9,-23,210
2682,4,-14,208
2682,1,-25,212
2690,4,-25,207
2678,6,-25,208
2670,6,-28,210
2678,8,-25,211
2678,4,-21,215
2678,10,-21,220
2690,2,-29,228
2694,6,-28,220
2674,14,-22,225
2722,6,-31,234
2674,8,-33,228
2682,8,-36,225
2686,3,-43,218
2694,4,-42,212
2682,1,-40,209
2702,3,-45,205
2690,-1,-43,210
2698,0,-43,206
2686,-4,-46,212
2694,-8,-47,205
2754,9,-40,215
2670,-2,-50,211
2710,6,-65,213
2674,2,-52,220
2694,6,-63,229
2678,6,-64,226
2670,7,-66,227
2682,10,-62,227
2686,9,-63,227
2670,12,-60,236
2694,10,-56,231
2682,17,-51,232
2722,22,-52,238
2730,19,-38,229
2726,17,-33,235
2722,19,-34,238
2730,20,-14,232
2734,24,-14,237
2734,23,-12,236
2730,22,-6,237
2722,22,-5,235
2678,19,0,231
2678,19,-3,234
2678,22,3,224
2686,27,0,235
2674,20,-1,225
2674,19,-2,226
2678,12,-9,229
2670,15,-5,225
2682,8,-12,220
2674,11,-10,220
2674,11,-9,214
2682,14,-14,217
2734,15,-11,217
2726,6,-11,219
2674,6,-19,227
2674,14,-14,218
2734,6,-13,217
2682,11,-23,221
2674,13,-25,224
2686,11,-28,223
2682,14,-32,226
2726,13,-31,224
2674,12,-33,227
2674,16,-35,225
2726,19,-34,227
2730,20,-35,227
2722,16,-36,229
2730,21,-27,222
2738,19,-24,221
2722,20,-33,231
2726,17,-22,225
2738,22,-26,228
2722,19,-23,227
2742,19,-21,226
2738,17,-15,228
2722,19,-14,228
2734,18,-11,223
2730,20,-18,227
2722,17,-14,225
2738,19,-18,224
2726,23,-13,232
2726,13,-17,219
2682,17,-15,220
2734,17,-16,216
2722,13,-19,224
2694,10,-20,215
2686,14,-20,216
2722,23,-17,233
2730,20,-27,224
2730,12,-25,231
2674,16,-25,245
2730,11,-31,226
2670,25,-35,230
2730,22,-20,216
2734,7,-17,223
2674,14,-13,222
2734,13,-12,222
2678,10,-16,218
2678,15,-17,235
2722,11,-20,223
2674,9,-21,222
2682,12,-19,216
2674,18,-16,211
2718,13,-21,206
2678,16,-28,203
2730,14,-22,219
2718,15,-15,223
2738,11,-19,222
2678,22,-20,224
2730,15,-12,229
2734,9,-22,223
2678,16,-16,232
2722,20,-7,241
2730,19,-17,234
2726,21,-17,228
2726,19,-9,227
2730,17,-11,225
2722,15,-19,231
2730,17,-15,223
2730,17,-19,221
2726,17,-25,223
2730,12,-24,214
2682,12,-12,205
2678,21,-19,221
2738,5,-21,208
2686,12,-9,218
2674,28,-11,231
2738,8,-13,221
2682,10,-2,215
2626,8,2,220
2630,5,7,216
2626,7,6,211
2626,9,4,212
2618,9,3,223
2634,13,-2,222
2630,13,-5,224
2630,16,-9,225
2734,15,-11,225
2722,17,-16,223
2730,17,-18,223
2726,24,-29,233
2722,19,-27,219
2738,17,-27,230
2734,15,-24,227
2726,13,-26,223
2682,13,-22,223
2682,11,-24,223
2674,7,-20,217
2682,5,-18,221
2670,7,-22,222
2682,7,-16,223
2690,4,-18,235
2670,4,-17,237
2694,7,-26,229
2674,8,-32,224
2678,8,-30,227
2678,9,-34,226
2670,6,-40,223
2686,6,-44,224
2674,11,-47,221
2670,12,-45,223
2678,9,-38,224
2674,7,-39,227
2686,15,-36,232
2726,12,-22,229
2674,6,-23,227
2678,12,-16,225
2690,19,-19,234
2722,8,-12,236
2682,9,-11,230
2670,12,-11,226
2682,10,-8,223
2682,7,-3,224
2622,11,-9,221
2678,8,-9,220
2678,11,-7,221
2674,14,-2,223
2682,8,-16,211
2670,8,-11,225
2674,8,-17,224
2674,11,-13,220
2674,14,-12,227
2734,13,-7,230
2674,11,-9,233
2690,14,-8,233
2738,14,-10,235
2726,19,-10,243
2730,12,-25,236
2682,10,-29,232
2674,16,-19,228
2722,18,-15,237
2742,8,-19,247
2678,18,-16,232
2726,5,-15,230
2666,8,-9,225
2682,8,-5,214
2622,0,-9,213
2690,4,-8,213
2674,6,-8,210
2678,5,-6,208
2682,3,-12,212
2706,3,-3,205
2630,8,-3,205
2626,14,6,217
2666,22,26,232
2722,13,4,236
2630,11,-21,247
2670,9,-10,214
2674,11,-9,210
2670,9,-15,217
2678,13,-14,221
2682,15,-6,227
2722,17,0,225
2694,18,-7,235
2734,15,-5,236
2674,14,-5,241
2678,23,-8,226
2734,13,8,232
2626,13,-5,225
2622,20,-4,234
2674,18,-6,232
2726,20,-8,235
2734,18,-4,226
2670,19,-3,233
2674,21,-8,237
2722,20,-6,237
2738,21,-6,227
2726,14,-10,225
2722,15,-3,223
2682,12,-7,229
2682,19,-7,213
2722,14,-6,214
2738,11,-9,223
2678,9,-6,217
2674,10,-5,215
2626,13,-1,215
2626,14,1,218
2694,12,1,217
2630,12,2,219
2618,9,2,218
2630,10,0,225
2626,15,-4,217
2678,15,-1,212
2678,19,-8,225
2726,13,-10,214
2678,16,-5,220
2674,15,0,219
2690,13,-1,222
2614,14,1,225
2678,14,2,227
2678,18,3,227
2678,16,0,226
2686,20,-5,233
2678,17,-6,236
2726,16,-6,228
2726,23,-1,230
2678,20,-12,238
2734,13,1,225
2630,18,-6,230
2718,17,-8,229
2738,13,-10,228
2686,12,-6,227
2674,15,-6,225
2738,15,-8,230
2730,19,-10,232
2722,20,-11,230
2746,22,-13,235
2730,16,-5,243
2666,20,-6,246
2730,19,-5,240
2670,16,-12,240
2730,16,-14,230
2722,17,-12,232
2730,16,-10,228
2726,17,-10,224
2734,16,-3,227
2674,13,1,224
2634,16,1,234
2678,16,2,226
2674,13,4,230
2626,16,0,222
2678,11,5,221
2626,13,9,215
2614,15,8,224
2666,13,10,223
2626,15,13,218
2662,15,11,220
2670,7,12,217
2614,8,10,207
2622,13,10,201
2618,15,7,203
2674,8,3,209
2630,15,0,218
2678,9,7,209
2634,10,13,206
2614,17,3,223
2682,14,-4,225
2678,18,-4,230
2670,13,4,228
2626,15,0,224
2670,15,3,227
2682,17,3,227
2674,20,2,228
2674,16,4,231
2666,14,2,235
2674,20,4,233
2666,20,5,234
2678,19,-1,237
2670,18,-4,237
2690,26,-4,240
2674,23,-10,238
2730,17,-8,240
2730,15,-15,250
2726,16,-8,233
2726,16,-9,232
2734,16,-6,227
2730,17,-7,229
2726,13,-5,229
2634,12,-5,222
2618,11,2,216
2638,13,1,223
2622,13,8,217
2618,15,0,221
2678,8,4,218
2610,15,9,219
2670,16,9,218
2662,8,8,219
2634,20,9,223
2666,16,5,221
2670,17,5,220
2674,14,7,222
2662,19,10,220
2674,24,16,216
2722,18,8,223
2666,13,12,223
2630,11,10,212
2618,15,12,219
2678,24,12,218
2670,16,24,210
2718,15,12,224
2674,21,12,222
2658,15,8,227
2670,17,1,223
2678,19,4,220
2662,18,5,223
2674,18,4,224
2666,16,3,226
2682,14,1,227
2674,18,5,228
2670,18,6,226
2662,15,-1,225
2674,26,2,237
2682,13,4,223
2642,12,4,226
2614,13,-2,224
2634,24,-3,227
2670,12,4,224
2634,14,-1,227
2678,11,2,218
2622,18,2,222
2678,15,4,225
2670,16,0,227
2686,15,4,226
2670,13,1,226
2614,15,4,224
2670,22,-1,233
2670,22,-3,226
2686,23,-2,221
2682,21,4,234
2658,18,-1,224
2678,17,4,229
2666,21,3,225
2686,24,8,229
2666,18,7,225
2662,17,8,223
2670,17,4,226
2662,19,6,219
2678,20,2,218
2678,18,1,220
2674,15,2,216
2674,21,2,225
2674,15,6,222
2662,14,3,224
2678,23,8,219
2658,20,3,227
2678,22,6,226
2662,22,7,226
2662,19,5,225
2670,19,4,224
2662,19,5,222
2674,18,4,220
2662,21,3,223
2678,19,5,224
2678,21,8,227
2670,17,3,238
2678,21,8,229
2666,21,5,231
2674,19,-3,245
2682,24,-1,234
2678,14,2,232
2678,16,1,228
2682,16,5,227
2666,15,5,224
2674,17,4,227
2658,16,5,231
2670,16,10,229
2666,17,9,231
2662,19,6,225
2670,14,11,227
2662,14,8,226
2678,18,5,224
2662,15,3,220
2674,19,16,215
2718,17,8,219
2670,17,9,217
2674,18,12,219
2670,14,7,227
2662,10,6,222
2630,15,7,219
2666,15,9,216
2670,14,8,226
2670,20,8,222
2662,17,9,224
2674,19,13,222
2666,14,18,221
2718,16,21,218
2722,19,15,225
2718,24,9,227
2670,22,13,233
2666,19,10,230
2658,21,9,236
2670,18,7,227
2666,22,5,224
2666,18,3,223
2678,20,6,226
2658,22,10,219
2674,20,3,228
2666,23,-2,230
2682,22,3,229
2674,19,1,227
2678,12,0,227
2626,17,8,224
2662,17,5,223
2670,16,5,224
2666,10,4,229
2622,9,4,228
2626,12,5,228
2614,14,5,225
2674,13,-1,228
2622,16,-5,234
2674,10,-1,236
2638,16,-11,232
2718,8,2,235
2642,9,-8,227
2674,11,1,212
2634,15,-16,233
2742,11,-11,228
2674,11,-8,220
2682,14,-6,221
2738,16,-1,228
2674,18,-1,231
2674,17,2,235
2674,18,5,233
2670,17,9,228
2670,19,14,229
2710,20,10,234
2686,19,16,219
2718,21,15,230
2714,17,12,222
2674,16,15,226
2710,18,19,221
2722,16,21,217
2718,18,18,223
2710,20,17,220
2726,16,19,225
2722,21,18,225
2714,18,12,228
2674,12,14,234
2682,14,12,231
2662,24,10,219
2674,27,6,227
2666,16,6,230
2670,17,10,220
2666,19,7,221
2658,19,8,218
2670,18,11,216
2662,16,12,220
2662,17,16,220
2718,25,13,229
2662,19,17,226
2718,20,5,232
2666,15,9,235
2670,22,11,221
2674,17,13,219
2670,16,-2,220
2686,11,7,226
2622,15,4,229
2662,17,9,232
2670,11,9,230
2614,12,7,230
2634,14,11,225
2662,16,5,225
2670,22,3,242
2674,10,2,225
2618,11,3,222
2630,13,-1,229
2630,5,12,219
2634,8,5,223
2618,16,-4,229
2686,16,1,229
2690,18,4,227
2662,23,1,232
2686,22,7,227
2662,24,7,230
2666,23,8,228
2670,18,10,227
2658,22,9,228
2678,25,8,224
2674,22,11,228
2670,28,7,229
2674,34,10,234
2666,24,12,244
2678,25,17,226
2718,21,7,225
2662,24,4,221
2674,19,5,216
2658,23,6,209
2670,21,9,213
2674,25,12,220
2666,24,15,214
2722,28,16,220
2714,26,21,222
2722,23,25,226
2722,26,25,225
2714,25,22,227
2726,23,22,224
2722,17,18,221
2714,19,16,225
2722,21,12,220
2670,20,11,222
2662,16,9,222
2678,22,10,224
2670,20,7,222
2670,21,7,226
2674,21,9,224
2658,21,5,230
2686,25,4,236
2666,15,1,228
2670,15,2,231
2682,16,-5,231
2670,27,-4,227
2686,26,-5,236
2678,23,-6,233
2726,24,-6,239
2742,22,-7,240
2726,22,-8,238
2722,27,-3,231
2682,25,3,222
2674,18,1,230
2686,21,12,217
2662,20,2,219
2670,20,6,212
2674,29,-2,219
2682,25,7,225
2666,20,9,224
2670,20,14,224
2710,23,13,224
2674,28,17,221
2718,22,18,219
2718,28,17,222
2730,20,14,216
2722,19,11,224
2670,19,15,229
2722,21,13,236
2662,21,15,227
2726,18,9,221
2674,21,9,223
2662,20,10,224
2674,23,7,226
2670,22,6,224
2662,23,5,228
2670,23,6,233
2658,26,2,236
2682,20,1,241
2678,17,0,238
2670,18,-1,238
2678,20,-9,240
2718,24,-16,242
2738,16,-6,232
2730,17,-7,234
2722,20,-9,226
2738,21,-6,228
2722,16,-5,228
2678,17,1,224
2678,18,2,229
2678,13,4,220
2622,16,-1,219
2690,18,4,235
2662,19,7,234
2670,17,6,219
2670,18,4,214
2658,23,13,215
2670,20,11,215
2658,19,15,215
2722,24,17,212
2730,24,21,218
2714,23,25,219
2730,19,25,219
2718,17,25,211
2710,16,29,206
2734,17,27,217
2718,21,29,210
2710,23,25,212
2730,22,22,223
2722,24,24,219
2718,27,19,228
2722,24,16,228
2718,28,14,231
2710,28,12,233
2674,20,17,231
2710,26,7,230
2674,25,3,242
2686,31,-1,230
2674,20,-5,228
2678,20,-8,234
2734,23,-5,227
2674,19,-5,234
2678,18,-10,237
2722,17,-12,229
2738,20,-8,231
2730,21,-5,224
2678,15,-11,238
2734,22,-11,220
2722,23,-18,238
2726,14,-7,231
2730,13,-17,229
2686,16,5,220
2666,13,1,224
2630,17,0,226
2674,18,3,221
2674,20,3,222
2686,16,5,220
2658,19,9,218
2678,21,11,224
2662,20,18,218
2718,22,17,216
2718,25,10,218
2662,29,14,230
2714,24,10,234
2670,24,16,221
2710,19,17,226
2734,24,16,225
2718,23,13,225
2662,22,12,227
2674,23,11,225
2658,19,9,228
2678,26,7,223
2662,20,10,220
2666,16,8,228
2670,18,6,233
2658,21,9,227
2670,21,6,225
2666,25,1,224
2670,22,4,227
2674,21,6,228
2662,23,4,228
2670,21,5,227
2670,24,1,232
2674,23,0,232
2674,19,4,228
2662,20,5,227
2670,29,4,228
2682,28,9,239
2662,20,-1,244
2686,23,2,224
2678,20,-1,240
2674,23,-1,223
2682,25,-3,226
2678,23,0,228
2682,18,0,225
2682,19,4,217
2666,19,2,224
2686,18,4,224
2666,20,4,216
2666,18,4,222
2670,24,7,222
2666,20,5,226
2674,22,6,224
2666,21,4,227
2670,26,14,219
2718,24,9,222
2666,25,14,223
2730,26,13,217
2674,26,13,221
2662,28,13,218
2674,27,17,215
2710,26,17,221
2722,21,22,217
2730,28,21,229
2714,22,24,228
2722,28,21,234
2726,24,16,226
2718,19,12,222
2678,24,8,232
2674,21,9,225
2662,17,7,223
2670,20,0,225
2670,24,-4,230
2690,20,-2,224
2682,20,-9,231
2726,22,1,227
2682,14,-4,235
2682,26,7,220
2666,23,4,234
2670,20,7,234
2666,22,-3,240
2686,19,-1,224
2690,19,-2,221
2670,22,-10,222
2722,23,-3,222
2682,18,-11,225
2726,20,-10,228
2730,20,-9,231
2726,18,-13,230
2734,20,-2,219
2686,24,-2,227
2678,32,2,233
2686,19,0,233
2686,21,3,230
2674,27,4,225
2670,23,5,232
2666,14,8,218
2674,16,15,224
2714,16,15,222
2718,19,19,229
2730,17,20,221
2722,12,16,228
2666,12,27,214
2674,17,24,214
2710,15,18,213
2722,11,15,219
2674,12,16,224
2666,10,15,223
2674,11,12,225
2614,12,16,224
2670,13,15,220
2682,15,9,226
2662,11,7,231
2638,14,5,232
2666,16,6,226
2670,10,5,220
2634,18,6,233
2662,21,2,228
2686,17,-2,237
2670,17,5,224
2670,18,2,230
2690,18,4,230
2670,16,6,230
2678,17,4,232
2666,17,8,225
2662,18,8,225
2674,15,5,231
2662,14,9,226
2678,20,4,223
2670,14,12,218
2666,18,9,227
2674,8,14,222
2666,19,12,219
2678,15,15,226
2718,15,12,221
2662,14,12,221
2670,15,12,217
2658,15,12,219
2678,17,10,214
2670,17,9,222
2658,15,8,222
2670,15,9,227
2658,15,8,224
2670,18,13,225
2666,21,5,226
2658,22,4,225
2670,19,6,231
2658,19,4,232
2670,22,-3,228
2674,20,5,224
2670,16,6,223
2674,18,6,225
2662,20,5,224
2670,18,7,226
2666,16,6,227
2658,16,7,227
2670,13,7,238
2614,17,6,230
2670,22,4,228
2666,16,5,220
2658,18,10,222
2674,16,8,220
2662,13,5,223
2626,19,4,230
2670,17,5,222
2662,19,7,227
2670,18,8,225
2666,18,11,227
2674,19,11,230
2666,20,9,236
2666,16,16,233
2718,14,10,244
2662,18,5,235
2662,12,8,228
2626,17,7,224
2662,18,7,235
2670,19,3,228
2674,20,11,220
2662,16,10,225
2670,16,11,224
2662,16,12,223
2674,16,15,220
2718,18,12,223
2674,17,12,222
2682,18,11,232
2670,16,17,220
2734,18,20,221
2730,19,15,228
2710,17,20,224
2726,13,18,217
2674,11,17,219
2674,12,21,214
2674,13,20,218
2670,9,21,219
2678,12,19,219
2674,9,19,216
2666,10,18,217
2678,9,17,217
2666,13,11,221
2630,8,14,208
2670,12,12,218
2618,18,8,220
2670,17,10,217
2662,16,16,223
2730,19,7,235
2662,19,7,231
2662,18,11,231
2682,20,6,230
2662,19,4,233
2670,21,3,232
2678,18,6,231
2662,16,6,231
2674,15,7,231
2662,20,8,231
2666,21,4,240
2670,14,4,238
2666,12,9,240
2622,15,1,237
2674,16,0,235
2682,18,4,232
2670,14,5,229
2670,12,6,230
2630,14,7,226
2666,17,4,224
2674,14,5,223
2662,15,5,230
2658,15,7,218
2674,20,7,224
2666,18,7,219
2674,21,4,221
2670,19,7,223
2662,18,18,223
2722,16,14,219
2718,18,10,222
2670,20,9,220
2674,20,7,215
2662,20,8,215
2678,16,17,216
2722,20,19,224
2714,19,13,227
2674,25,17,227
2710,24,11,225
2670,20,19,214
2722,24,24,221
2710,24,19,224
2726,25,21,221
2722,26,16,223
2714,24,19,223
2726,24,21,222
2726,23,24,221
2718,24,22,223
2730,28,20,224
2722,27,16,229
2714,20,15,229
2726,24,12,227
2674,20,8,242
2662,17,8,234
2662,16,9,228
2658,14,6,228
2678,16,5,226
2666,14,4,227
2658,15,4,228
2670,15,5,228
2666,13,1,236
2642,14,4,229
2666,12,-2,235
2622,14,6,232
2674,18,14,217
2714,17,11,231
2682,11,10,230
2634,16,11,218
2658,17,13,221
2670,17,10,227
2662,17,12,223
2678,20,14,224
2722,16,19,222
2714,20,17,220
2718,19,15,227
2718,17,14,224
2714,27,18,228
2726,18,15,217
2718,14,17,225
2722,21,21,214
2718,20,21,212
2714,20,19,219
2722,21,26,216
2718,20,27,220
2718,18,33,216
2718,19,33,219
2722,19,36,208
2718,18,37,217
2722,13,37,206
2678,20,38,220
2714,19,24,224
2726,18,21,220
2726,19,17,220
2714,20,18,216
2738,21,17,220
2722,22,16,225
2714,21,19,220
2722,19,17,226
2718,24,20,222
2714,24,15,228
2726,36,7,234
2670,29,-3,232
2678,26,-1,235
2682,28,1,238
2674,25,-5,240
2686,23,0,236
2682,26,-6,237
2718,24,-8,234
2730,26,-8,236
2734,19,-9,239
2718,25,-2,232
2682,26,-2,236
2670,20,-6,240
2726,21,-2,238
2690,22,-8,238
2722,19,-3,234
2682,19,-1,231
2678,20,0,232
2678,18,-1,229
2678,21,1,230
2670,19,4,231
2674,18,5,228
2674,18,8,229
2666,24,2,224
2682,24,1,230
2674,22,9,227
2678,23,13,225
2682,26,22,221
2714,26,19,225
2730,28,21,226
2722,26,21,222
2718,20,20,226
2730,21,21,219
2718,21,19,225
2710,24,22,214
2726,36,23,215
2718,27,19,216
2710,24,23,217
2722,20,27,220
2722,21,26,221
2718,19,27,221
2726,20,26,221
2710,18,25,225
2722,16,26,215
2718,17,28,221
2714,15,29,222
2722,24,30,214
2718,18,36,218
2718,21,35,214
2718,17,28,213
2730,17,25,216
2714,18,21,215
2726,18,20,219
2718,16,18,222
2718,17,18,221
2738,18,17,217
2722,18,15,228
2714,18,16,211
2730,19,8,224
2666,16,8,232
2658,17,5,240
2670,21,2,237
2670,24,3,237
2686,22,4,235
2666,22,2,237
2674,24,-2,241
2678,23,0,237
2670,22,1,240
2678,24,0,236
2678,23,-1,238
2674,14,-2,234
2682,13,6,234
2622,17,11,233
2662,18,3,234
2678,16,6,241
2662,23,-5,235
2674,20,3,231
2678,20,0,232
2678,17,3,232
2682,16,4,225
2666,18,4,221
2678,17,2,229
2670,26,8,232
2666,18,11,232
2670,15,9,232
2666,20,8,229
2678,13,9,218
2622,24,9,221
2666,18,6,221
2670,24,4,214
2662,26,10,212
2678,25,12,217
2662,27,12,218
2662,26,14,224
2722,33,14,226
2714,33,11,224
2670,28,12,227
2670,31,15,225
2714,29,19,226
2722,26,11,238
2662,28,22,236
2718,33,15,232
2722,35,9,231
2658,32,11,227
2666,33,9,232
2674,31,12,227
2662,33,12,223
2674,30,15,220
2714,31,12,220
2674,25,9,231
2674,36,9,221
2662,29,14,230
2726,32,19,221
2722,27,17,235
2714,26,13,221
2670,24,13,218
2658,27,7,224
2666,21,7,225
2678,20,5,223
2666,19,6,222
2674,20,8,223
2658,22,8,220
2674,22,8,221
2674,24,11,221
2662,22,2,232
2690,32,17,229
2726,14,3,223
2674,23,1,225
2678,23,10,226
2666,24,10,222
2670,23,7,224
2662,26,9,228
2658,23,11,228
2670,19,10,226
2658,22,11,225
2670,18,9,225
2666,23,12,224
2658,19,12,228
2670,14,10,231
2658,17,11,230
2670,19,10,222
2666,22,11,232
2658,18,9,231
2670,21,12,223
2662,24,14,223
2722,23,15,224
2726,26,16,226
2718,28,14,219
2730,30,9,235
2670,26,12,226
2666,27,17,220
2726,32,19,225
2722,35,17,218
2714,34,14,222
2718,22,18,220
2710,30,17,220
2722,30,19,216
2718,31,20,219
2714,31,16,224
2722,32,16,220
2718,27,18,223
2722,25,14,225
2722,30,12,223
2682,25,11,230
2662,30,7,231
2674,34,16,231
2726,32,5,231
2662,31,9,227
2674,30,8,228
2662,30,4,227
2670,26,4,228
2666,24,8,229
2662,22,6,222
2670,18,2,228
2670,19,2,233
2690,21,2,224
2674,25,1,226
2678,28,-3,230
2674,21,-6,238
2722,23,-1,231
2682,22,3,226
2678,23,1,228
2674,24,2,230
2694,27,1,231
2682,21,3,226
2670,25,5,227
2662,24,9,225
2670,20,4,225
2674,20,4,231
2662,20,7,225
2670,28,0,236
2674,25,14,217
2722,24,6,225
2670,30,15,222
2730,29,13,220
2670,32,12,225
2682,32,13,218
2674,33,10,224
2658,33,12,222
2670,36,12,223
2662,35,13,226
2682,39,12,228
2666,28,15,226
2714,31,10,235
2678,38,19,218
2714,35,18,221
2714,33,20,221
2718,32,19,219
2714,30,21,220
2722,27,20,222
2734,26,19,217
2714,26,17,218
2726,30,16,221
2722,27,13,224
2658,32,10,223
2678,30,13,225
2662,22,7,232
2670,28,1,239
2682,24,2,233
2674,31,3,228
2694,24,2,231
2682,25,2,229
2678,22,3,238
2674,24,3,237
2678,19,3,236
2678,17,6,231
2670,18,3,237
2674,24,8,222
2670,14,5,229
2658,16,4,222
2674,17,5,219
2666,17,8,222
2658,24,3,227
2678,21,5,225
2666,18,5,227
2678,20,8,224
2678,22,6,222
2662,23,8,230
2678,29,7,227
2666,25,9,226
2662,25,13,221
2670,29,9,228
2670,25,22,223
2730,26,12,224
2670,25,20,224
2714,27,18,223
2718,26,17,221
2722,27,19,215
2714,26,22,215
2722,23,18,214
2718,26,20,214
2722,25,23,217
2722,36,26,215
2710,29,28,213
2722,34,20,226
2722,35,20,221
2722,28,32,214
2718,31,12,227
2674,30,13,227
2658,25,10,226
2670,28,10,229
2658,30,9,228
2670,30,7,228
2678,30,6,226
2662,31,7,233
2678,26,7,229
2666,17,5,229
2662,16,1,236
2678,22,5,231
2666,23,10,226
2678,22,4,232
2666,21,5,229
2666,15,4,228
2674,19,4,226
2662,24,3,227
2690,20,4,227
2670,23,4,226
2666,23,3,238
2686,20,8,235
2666,22,20,224
2726,25,14,224
2722,24,11,223
2658,19,14,220
2726,17,15,227
2722,17,13,227
2658,23,13,221
2670,19,16,226
2710,22,17,224
2722,23,20,220
2718,20,12,220
2662,24,10,219
2674,21,14,229
2722,25,24,222
2710,27,22,219
2726,25,23,226
2722,23,15,234
2714,30,11,233
2678,29,12,230
2662,28,11,227
2670,28,11,226
2666,27,10,227
2658,27,13,222
2670,26,10,223
2658,28,14,225
2722,25,11,217
2674,29,11,227
2662,22,10,226
2682,20,10,231
2662,26,18,216
2718,27,10,223
2666,24,14,224
2714,22,12,224
2670,23,15,221
2722,25,10,225
2670,24,14,228
2726,25,15,223
2718,26,16,223
2714,23,17,227
2722,25,10,229
2662,33,21,227
2722,31,13,230
2666,25,6,230
2658,25,10,229
2686,24,6,230
2674,22,9,229
2662,25,10,227
2674,26,12,225
2662,24,9,229
2674,24,11,233
2670,21,4,224
2662,21,11,235
2674,20,7,226
2666,22,14,219
2726,25,12,222
2670,18,17,224
2714,24,13,218
2678,22,15,222
2718,20,14,220
2714,22,12,225
2666,22,13,224
2658,25,16,219
2722,25,12,227
2682,29,11,224
2670,25,14,231
2730,21,10,233
2678,23,12,231
2662,24,10,228
2670,27,13,220
2666,23,13,225
2674,25,15,223
2722,24,12,224
2666,25,16,224
2722,27,16,226
2718,26,20,224
2722,26,18,218
2726,21,20,223
2718,26,13,221
2670,25,19,222
2722,22,9,230
2662,27,14,224
2726,28,8,230
2670,27,7,230
2662,27,8,225
2674,26,11,228
2662,29,11,233
2670,27,8,232
2666,28,14,233
2710,32,11,231
2674,25,10,226
2670,23,9,231
2674,16,10,224
2674,32,8,227
2666,24,7,230
2678,21,6,228
2666,22,7,221
2670,22,8,222
2674,21,9,227
2658,21,9,225
2678,20,5,227
2678,22,7,225
2658,20,8,222
2670,20,12,222
2662,21,14,221
2730,15,11,228
2670,22,13,226
2658,22,16,222
2714,24,7,232
2662,21,12,225
2670,23,14,218
2718,23,12,224
2670,25,13,222
2674,25,11,224
2674,27,12,226
2662,26,12,222
2670,29,12,225
2658,24,14,224
2730,21,14,233
2722,29,13,228
2662,24,11,229
2670,25,11,227
2662,30,19,221
2722,25,13,233
2670,27,15,224
2710,26,17,223
2726,28,13,225
2674,27,12,221
2662,28,12,218
2674,27,10,224
2662,28,11,220
2670,28,7,231
2666,31,14,219
2714,28,12,227
2678,23,7,230
2662,33,5,227
2666,27,6,227
2678,26,5,227
2662,25,8,223
2678,25,6,224
2658,29,7,228
2674,26,7,227
2670,28,9,228
2658,25,11,225
2678,27,15,221
2718,26,7,226
2662,27,17,223
2722,26,19,217
2714,27,11,227
2670,30,10,223
2678,26,11,227
2670,26,11,217
2678,26,13,223
2666,28,15,225
2718,28,16,230
2718,25,17,226
2710,22,13,215
2670,25,12,217
2678,24,10,228
2662,29,6,227
2678,36,12,223
2662,28,17,220
2722,28,12,222
2670,28,13,224
2662,24,13,225
2678,23,14,224
2722,22,17,224
2710,25,18,227
2726,21,22,224
2722,19,20,220
2714,24,22,220
2722,16,23,215
2710,21,18,231
2722,20,23,223
2726,21,13,221
2670,24,14,219
2722,24,14,222
2722,24,12,226
2670,22,17,226
2726,23,15,224
2722,25,11,225
2662,28,8,228
2670,23,14,224
2714,29,17,224
2722,26,3,233
2678,24,15,228
2718,27,12,225
2662,27,13,225
2670,26,12,226
2666,30,12,226
2674,30,12,224
2666,30,14,227
2726,31,10,231
2666,29,15,220
2714,29,21,218
2726,28,16,220
2722,29,24,225
2714,28,11,221
2674,25,8,226
2670,29,12,224
2662,28,16,221
2722,27,17,222
2714,32,10,236
2670,28,12,217
2670,27,12,223
2666,30,7,229
2674,28,4,229
2666,34,4,227
2666,34,2,229
2686,23,9,216
2666,27,11,230
2678,30,7,227
2662,25,5,224
2670,30,6,225
2674,27,8,225
2658,27,5,226
2678,28,8,226
2666,28,8,225
2670,27,11,224
2674,26,7,221
2662,30,9,223
2674,30,3,240
2682,31,8,226
2658,27,8,228
2670,27,9,225
2662,32,8,217
2678,27,6,229
2674,27,7,226
2662,30,6,227
2670,30,8,223
2658,30,11,225
2674,32,12,225
2670,30,9,227
2658,28,6,232
2670,25,11,231
2670,33,12,231
2674,24,8,230
2674,24,10,232
2662,26,9,229
2674,26,15,232
2714,30,15,230
2718,28,16,224
2718,28,16,227
2718,30,15,227
2722,30,17,230
2730,27,13,237
2662,30,9,229
2674,25,10,228
2670,28,7,231
2666,30,13,216
2670,25,8,223
2662,23,7,223
2686,24,8,229
2666,23,14,220
2718,24,13,223
2674,23,14,222
2710,26,14,224
2718,23,13,223
2666,22,10,227
2658,24,15,218
2726,27,12,224
2666,27,16,220
2714,26,10,224
2674,28,8,229
2670,20,9,223
2666,30,8,220
2670,26,17,221
2714,23,14,225
2722,28,14,224
2722,24,16,225
2714,24,15,230
2718,24,17,224
2726,27,19,222
2718,27,18,218
2718,22,12,237
2666,24,16,223
2722,24,11,229
2670,27,11,226
2658,24,16,222
2730,26,14,224
2722,27,10,224
2666,25,11,229
2674,27,10,228
2666,27,6,228
2662,25,6,227
2670,27,9,225
2666,29,7,219
2670,37,12,225
2662,28,10,236
2670,25,10,236
2670,32,11,220
2666,28,10,223
2670,28,10,221
2662,27,8,223
2666,27,7,225
2674,25,10,225
2658,30,9,221
2670,32,8,224
2662,31,9,221
2670,29,8,225
2678,26,11,225
2670,32,7,226
2674,32,13,222
2658,34,11,227
2670,24,7,226
2674,26,11,226
2662,30,7,229
2678,27,9,225
2666,26,10,223
2666,27,10,226
2674,28,11,225
2662,28,10,225
2682,25,14,226
2714,25,12,225
2670,29,13,227
2674,35,7,232
2658,20,9,228
2670,27,9,227
2670,26,11,224
2658,22,10,226
2674,29,10,226
2662,24,11,228
2666,21,7,228
2670,24,8,222
2662,29,10,224
2674,27,12,222
2662,24,14,227
2722,25,11,225
2678,22,13,224
2662,20,18,223
2718,26,8,231
2674,28,12,241
2666,23,13,228
2670,21,17,231
2710,21,16,228
2726,20,15,229
2718,22,10,227
2662,23,9,229
2686,19,13,226
2670,19,8,223
2666,22,10,226
2674,23,16,220
2710,20,15,226
2726,24,19,216
2722,24,18,228
2714,23,16,223
2726,23,20,220
2726,22,17,223
2718,21,17,226
2730,23,12,223
2670,23,8,229
2666,24,13,227
2678,23,11,228
2666,26,12,220
2670,30,10,225
2666,24,11,225
2658,22,10,227
2670,22,14,222
2710,19,13,221
2666,21,10,224
2670,21,10,226
2662,22,15,226
2722,23,14,229
2722,21,15,229
2714,22,14,223
2722,20,10,231
2662,25,12,221
2670,18,9,236
2678,25,5,222
2662,22,3,226
2686,23,5,226
2658,29,2,230
2682,28,4,228
2662,28,5,227
2662,26,6,224
2674,26,6,222
2658,27,4,226
2674,29,7,224
2674,29,6,227
2662,25,4,226
2678,25,10,223
2682,30,11,225
2670,32,11,223
2674,28,8,229
2666,23,11,232
2670,28,11,226
2666,27,9,232
2662,28,13,228
2670,30,11,225
2658,27,13,224
2670,29,12,228
2670,30,9,228
2670,30,7,228
2674,30,7,232
2670,24,10,223
2682,31,7,225
2670,22,9,219
2658,25,12,220
2670,27,17,218
2714,27,14,226
2722,25,15,225
2718,26,14,225
2714,27,15,222
2722,29,12,219
2666,23,15,217
2714,25,14,218
2738,18,21,225
2718,23,8,234
2658,22,8,233
2670,22,11,234
2662,24,15,230
2718,21,11,230
2682,25,11,224
2658,26,11,230
2678,26,7,226
2662,27,6,232
2670,26,7,226
2674,26,9,227
2658,22,10,233
2678,23,11,227
2666,25,7,236
2670,20,9,231
2670,21,13,236
2670,23,8,227
2678,28,13,226
2670,21,12,219
2662,22,8,227
2674,20,12,221
2662,21,13,222
2674,24,13,224
2666,24,12,225
2662,24,14,223
2726,26,13,222
2662,34,12,226
2670,29,11,229
2670,32,13,222
2662,27,16,232
2722,21,14,221
2722,27,18,220
2718,30,12,222
2670,30,13,222
2662,29,14,221
2722,32,15,223
2722,27,18,225
2714,25,19,223
2734,30,18,220
2718,31,16,221
2710,26,21,219
2734,22,16,219
2714,30,10,226
2670,26,11,226
2670,28,8,232
2658,26,9,226
2670,29,6,227
2666,28,7,224
2658,29,6,222
2670,29,8,223
2662,26,5,221
2670,28,4,230
2666,25,7,221
2666,30,3,231
2686,32,-8,236
2722,16,7,225
2678,32,10,222
2670,31,5,228
2662,23,6,225
2678,25,5,226
2674,28,4,226
2658,23,5,229
2670,24,7,223
2658,23,8,224
2678,23,5,228
2674,24,15,223
2714,26,10,227
2674,28,10,219
2658,24,12,220
2674,17,9,221
2666,19,12,220
2658,21,17,220
2722,24,17,225
2722,26,14,223
2722,27,14,226
2718,25,17,222
2714,28,15,220
2722,26,16,215
2722,25,16,229
2718,30,15,222
2718,27,10,228
2666,25,18,226
2710,28,12,222
2682,25,8,226
2662,26,8,227
2662,27,10,225
2670,27,9,224
2658,26,9,225
2670,28,12,225
2670,26,6,232
2662,22,9,232
2674,25,10,230
2666,30,5,239
2674,21,13,223
2670,27,6,226
2662,23,5,226
2674,29,13,214
2662,25,10,227
2674,23,11,227
2666,22,14,227
2714,25,9,229
2674,24,6,227
2666,25,12,222
2666,25,11,220
2678,27,17,226
2710,24,18,219
2734,19,14,230
2718,23,15,226
2710,29,17,216
2734,25,18,220
2718,25,13,224
2666,24,11,223
2674,23,14,229
2714,24,15,224
2718,23,18,230
2718,23,14,228
2714,25,11,224
2670,20,11,219
2670,29,7,235
2662,25,11,229
2662,20,14,218
2718,11,14,228
2678,16,11,227
2678,19,8,228
2662,20,6,225
2682,22,8,226
2662,21,8,229
2662,24,8,228
2674,25,13,229
2662,25,7,230
2682,27,11,233
2666,26,5,232
2670,27,12,229
2674,24,12,220
2662,28,17,227
2730,26,11,228
2670,29,11,225
2658,27,12,224
2674,26,11,228
2662,26,12,225
2666,24,13,224
2670,26,12,227
2662,27,9,224
2674,24,13,228
2670,28,16,220
2722,27,13,227
2678,22,11,229
2662,24,13,228
2678,21,7,227
2666,25,9,222
2666,22,10,228
2670,23,11,228
2662,24,11,227
2678,26,10,226
2666,21,14,227
2718,22,13,223
2670,27,10,223
2666,26,11,219
2678,26,6,234
2670,22,7,223
2670,24,11,220
2674,29,10,223
2662,22,9,230
2670,26,10,229
2666,26,6,228
2658,25,9,231
2670,25,7,230
2662,26,7,227
2670,25,8,227
2666,24,10,223
2658,31,9,224
2670,30,7,224
2662,30,9,236
2666,26,10,230
2674,31,16,232
2718,23,15,219
2718,25,11,223
2670,22,15,221
2718,24,14,224
2718,25,14,224
2714,26,11,224
2662,28,16,223
2730,25,15,223
2714,25,17,223
2726,26,20,220
2722,16,13,228
2662,29,14,224
2730,22,9,235
2678,18,10,238
2662,22,10,232
2670,21,10,231
2662,22,7,224
2682,19,9,223
2662,22,8,225
2662,22,10,234
2670,22,9,224
2666,24,14,224
2730,25,11,227
2674,22,13,227
2662,22,20,221
2722,20,15,220
2726,25,13,222
2666,21,14,224
2722,23,17,225
2718,21,17,222
2718,25,15,223
2718,28,14,229
2714,23,11,228
2670,25,12,221
2670,28,13,226
2662,27,12,223
2662,18,14,224
2710,25,6,226
2678,27,12,228
2666,23,14,225
2718,23,11,221
2682,24,12,221
2674,22,13,220
2662,26,13,222
2670,26,13,224
2662,27,13,221
2674,31,8,227
2670,25,10,229
2662,21,9,236
2670,24,8,234
2662,20,10,230
2674,26,8,232
2670,26,7,223
2662,32,6,226
2674,30,1,227
2666,28,5,226
2674,27,7,227
2670,27,8,229
2662,25,8,231
2674,25,11,229
2662,26,10,228
2670,25,9,232
2666,30,8,228
2658,27,4,228
2670,31,7,229
2666,26,9,221
2666,30,7,227
2670,29,12,224
2670,27,15,221
2718,28,11,220
2662,27,10,222
2670,27,9,223
2674,27,12,223
2662,27,12,220
2678,30,8,228
2666,34,12,225
2670,37,11,224
2662,34,14,227
2714,40,12,228
2682,31,14,222
2718,29,12,215
2666,27,7,228
2674,27,8,226
2670,26,9,223
2670,26,11,223
2666,24,9,226
2666,25,8,225
2670,24,11,228
2670,27,12,227
2662,24,10,237
2670,22,7,238
2662,21,7,234
2666,26,10,227
2658,18,7,230
2670,22,7,237
2662,26,13,227
2666,24,4,228
2670,21,10,226
2658,23,13,224
2670,23,11,226
2670,21,12,227
2662,22,15,229
2718,24,18,226
2722,21,20,221
2714,22,15,221
2726,24,16,214
