0,5,221,28
2736,6,220,32
2680,9,219,33
2664,7,222,32
2676,2,226,32
2672,2,224,30
2664,6,220,26
2680,9,219,31
2668,13,214,28
2720,8,214,30
2672,7,220,30
2668,4,220,31
2676,6,215,27
2672,8,222,28
2668,8,222,32
2676,5,222,30
2668,8,217,28
2672,3,224,30
2672,4,223,32
2664,1,224,31
2664,9,219,28
2660,7,226,28
2672,4,218,30
2668,-1,220,26
2676,1,227,26
2664,2,219,30
2660,4,219,27
2672,6,216,28
2672,2,218,30
2668,5,222,30
2672,3,219,31
2664,3,221,31
2672,2,220,35
2676,2,222,30
2664,1,218,31
2664,5,225,30
2668,5,225,25
2668,6,217,24
2676,4,228,29
2664,4,217,32
2672,7,220,30
2664,6,222,30
2672,8,221,29
2676,10,221,29
2716,9,213,28
2680,8,221,30
2660,9,213,32
2672,4,221,28
2664,11,213,25
2716,8,225,37
2680,8,225,28
2664,15,215,32
2716,10,219,30
2720,9,220,30
2668,8,221,32
2676,5,224,30
2676,6,219,32
2672,9,222,30
2680,4,227,31
2664,5,223,26
2672,6,220,27
2676,4,228,27
2668,6,220,33
2680,10,214,37
2728,6,227,28
2668,5,219,29
2676,12,215,27
2712,13,219,24
2724,10,221,26
2720,9,218,29
2664,8,222,27
2684,9,217,28
2664,8,218,31
2664,5,229,32
2672,8,219,29
2664,8,219,37
2676,6,224,33
2664,5,224,31
2668,6,223,34
2668,6,220,31
2668,8,221,30
2672,5,220,28
2672,7,218,31
2668,6,218,29
2668,6,221,28
2660,4,218,30
2684,5,223,30
2664,5,217,30
2660,8,221,23
2672,15,217,31
2712,13,216,27
2720,11,216,28
2720,3,228,31
2664,7,218,30
2680,5,221,32
2668,8,222,30
2664,7,219,33
2668,6,221,31
2660,8,221,29
2680,11,215,28
2720,8,216,34
2664,12,214,33
2720,3,228,31
2668,8,218,24
2672,12,221,28
2732,10,214,34
2716,7,225,29
2676,7,219,31
2672,9,219,30
2664,9,217,29
2668,9,221,30
2660,5,221,29
2672,7,217,31
2672,4,223,29
2664,5,226,30
2672,5,224,37
2660,4,221,26
2672,0,220,36
2672,11,228,27
2712,5,218,30
2676,10,218,29
2712,4,220,30
2676,7,221,29
2668,4,220,29
2664,3,221,26
2680,4,226,24
2664,5,223,26
2664,5,223,26
2676,5,218,29
2664,-2,227,34
2692,1,229,31
2672,1,225,25
2664,3,224,27
2676,2,219,31
2668,-3,221,32
2692,0,220,29
2668,-1,227,30
2672,0,227,27
2676,6,220,28
2660,2,225,31
2676,-1,227,27
2684,1,225,26
2664,1,225,27
2672,-1,227,29
2668,-5,229,33
2684,4,211,30
2672,6,225,34
2664,5,215,26
2664,5,226,28
2668,5,221,29
2672,5,219,27
2664,5,223,28
2660,8,219,28
2672,8,218,28
2668,5,225,30
2668,6,219,27
2672,11,224,30
2716,11,222,27
2728,12,222,30
2728,9,224,26
2664,7,217,32
2672,9,222,28
2660,10,217,32
2724,10,217,32
2728,14,217,30
2712,17,218,31
2728,15,216,33
2720,12,218,33
2720,13,216,35
2732,7,215,28
2672,6,221,38
2660,6,230,31
2672,3,217,30
2664,0,222,31
2672,1,225,30
2672,2,221,30
2664,1,221,31
2672,2,224,30
2664,-1,226,30
2680,-2,224,28
2684,4,221,29
2672,0,226,24
2676,4,222,24
2664,2,222,30
2676,-6,215,25
2688,0,227,27
2668,-2,220,19
2688,2,216,28
2664,6,221,23
2668,2,220,25
2672,3,222,27
2668,2,225,29
2680,1,219,26
2664,5,226,27
2668,4,224,25
2672,7,222,29
2660,9,219,23
2680,10,222,20
2724,4,224,21
2660,4,218,28
2684,6,218,30
2664,8,216,21
2676,2,217,24
2672,3,219,23
2664,2,216,25
2676,4,222,26
2672,4,222,27
2672,5,220,28
2668,2,227,27
2660,4,223,26
2672,5,224,27
2664,4,222,24
2664,4,219,27
2672,5,215,30
2664,5,214,31
2676,-1,230,34
2672,-5,230,32
2684,0,222,34
2672,3,217,34
2672,10,217,31
2720,11,220,29
2724,10,220,30
2716,16,212,26
2720,12,221,32
2712,8,214,35
2672,12,219,38
2720,15,208,31
2716,8,218,31
2664,-1,221,33
2684,-2,228,36
2676,-3,228,38
2676,0,227,36
2672,2,225,35
2664,5,231,31
2672,4,227,30
2664,5,228,29
2664,11,214,31
2716,6,217,29
2672,7,220,25
2676,5,217,38
2664,14,218,31
2732,9,214,27
2676,8,215,29
2664,8,216,31
2672,6,218,32
2660,10,215,29
2728,8,218,32
2676,6,220,32
2672,4,224,29
2672,3,224,31
2664,4,220,32
2672,7,221,26
2676,5,212,26
2664,13,213,28
2728,4,223,22
2668,6,215,29
2672,8,217,28
2676,9,215,30
2664,6,221,29
2688,8,223,30
2664,8,221,30
2672,6,222,29
2668,11,218,32
2716,16,220,30
2724,14,213,33
2720,10,216,30
2716,6,217,37
2680,12,216,34
2724,8,215,33
2664,5,217,32
2672,3,217,31
2664,4,222,32
2676,2,217,31
2676,4,214,31
2660,1,223,35
2672,-1,221,32
2672,2,221,31
2668,6,220,33
2676,-2,228,40
2680,-8,237,31
2676,-1,225,33
2676,-6,233,29
2680,-5,223,35
2692,-1,225,30
2676,-4,224,31
2692,-1,223,26
2688,1,226,26
2664,0,228,25
2676,0,227,28
2668,2,222,30
2676,4,221,29
2668,4,223,26
2664,4,219,31
2672,11,214,34
2720,2,226,22
2672,5,217,24
2664,4,221,28
2660,5,219,28
2672,3,221,28
2664,6,219,29
2672,-2,226,31
2680,1,226,31
2668,-1,223,28
2680,-1,225,30
2680,-2,233,26
2676,-4,228,30
2688,-4,227,29
2676,2,225,26
2680,6,220,28
2668,0,226,26
2672,0,220,31
2676,-1,221,30
2680,4,224,26
2680,4,219,26
2676,5,221,28
2668,4,220,27
2668,3,221,25
2660,4,219,24
2672,5,219,29
2672,7,218,34
2664,6,224,25
2672,7,222,29
2664,2,224,24
2676,5,230,26
2664,5,231,26
2668,3,229,28
2668,1,226,29
2668,-1,228,29
2684,1,224,26
2676,-1,221,26
2672,1,214,25
2668,2,222,22
2664,2,217,24
2672,6,215,16
2672,5,219,24
2668,-1,225,33
2680,-2,230,23
2676,2,225,25
2672,8,220,24
2672,3,227,25
2664,5,225,24
2676,4,221,22
2664,10,216,21
2724,6,221,26
2668,11,215,26
2720,12,223,20
2728,14,217,27
2724,3,214,26
2660,6,219,22
2672,9,214,19
2668,18,202,28
2720,15,216,25
2728,15,216,26
2720,12,213,29
2716,8,214,28
2680,7,210,26
2664,9,207,26
2680,0,218,30
2664,2,223,30
2668,9,219,32
2672,4,225,33
2660,9,220,29
2676,8,222,23
2664,15,217,27
2724,8,224,32
2672,7,222,28
2664,7,218,27
2676,6,216,26
2676,3,221,28
2664,3,223,26
2676,4,227,26
2664,5,224,22
2680,7,216,27
2668,-1,226,34
2672,5,226,34
2664,5,227,32
2672,1,211,30
2672,-6,226,28
2684,-3,224,31
2684,-1,224,29
2680,0,222,30
2664,0,222,28
2676,-1,222,26
2688,0,217,30
2664,5,215,29
2676,2,218,29
2664,5,224,30
2672,3,225,28
2668,7,212,29
2660,5,217,30
2676,5,228,39
2668,6,218,32
2664,5,218,38
2672,3,216,35
2664,2,219,37
2680,1,223,33
2664,1,221,37
2672,2,216,36
2672,1,212,30
2664,0,223,34
2676,7,212,35
2668,-1,217,39
2680,-3,221,38
2680,3,219,33
2668,-6,223,21
2684,1,219,30
2676,-3,223,27
2672,-5,227,29
2684,-5,223,28
2676,-7,226,26
2680,-5,225,29
2680,-9,225,32
2680,-4,222,26
2676,-8,222,29
2680,-1,215,25
2680,0,218,27
2664,1,226,32
2660,-4,225,26
2692,-3,231,22
2672,-2,226,27
2680,-3,226,25
2684,0,225,26
2664,2,221,28
2680,1,224,28
2664,1,223,25
2660,5,219,27
2672,2,229,28
2660,11,222,28
2732,11,224,27
2724,16,225,26
2716,11,217,30
2728,4,222,23
2672,9,221,25
2668,12,214,21
2728,15,214,22
2716,13,214,20
2724,15,212,22
2720,12,215,23
2724,11,214,25
2724,9,214,27
2668,5,220,22
2660,9,227,24
2676,7,218,25
2660,5,226,32
2680,-3,228,38
2680,4,233,28
2664,5,224,28
2684,2,225,28
2672,0,224,26
2664,2,219,28
2672,2,219,24
2664,3,218,26
2680,7,217,24
2676,5,213,29
2664,7,218,22
2672,2,223,18
2660,9,221,24
2676,12,221,25
2720,4,226,25
2664,2,224,22
2672,0,220,26
2664,1,222,27
2668,1,226,27
2672,-1,223,26
2672,-2,222,30
2684,-1,225,25
2680,-1,226,30
2684,-2,230,24
2688,-8,223,26
2680,2,209,29
2684,-1,226,34
2688,5,224,35
2668,4,217,24
2672,5,216,24
2664,3,218,23
2680,3,223,26
2668,4,221,23
2660,5,221,24
2676,8,218,25
2664,10,215,29
2724,10,218,29
2728,5,220,32
2668,0,220,33
2688,7,222,25
2664,5,219,30
2668,7,218,26
2672,14,217,30
2716,12,220,29
2732,9,219,29
2672,12,217,28
2716,9,219,28
2676,9,217,30
2668,8,212,29
2664,7,219,29
2676,8,218,31
2664,4,225,31
2680,5,220,33
2664,1,231,36
2672,5,228,29
2672,2,223,30
2664,-2,225,31
2692,1,224,29
2660,1,220,26
2676,0,221,27
2676,-1,224,25
2676,0,222,28
2680,1,222,32
2664,2,221,30
2664,4,217,32
2672,4,220,24
2664,4,217,27
2680,-3,217,31
2680,6,221,28
2668,3,220,28
2676,9,212,30
2664,6,221,28
2676,4,221,29
2672,2,217,29
2668,2,219,30
2676,1,220,25
2664,1,218,28
2672,0,221,29
2672,-6,230,27
2672,-1,228,23
2684,2,210,25
2664,4,223,31
2672,2,213,27
2676,-5,222,30
2672,5,214,27
2672,2,217,25
2668,2,219,27
2664,1,221,25
2672,3,219,23
2668,5,216,23
2676,2,218,28
2664,4,226,26
2672,-2,228,30
2676,4,218,31
2668,7,219,37
2664,0,221,28
2664,1,230,23
2676,1,234,20
2684,2,225,23
2668,2,221,26
2680,1,222,24
2668,2,220,28
2664,2,224,27
2672,0,225,26
2660,4,224,24
2676,2,222,27
2660,-1,220,26
2680,3,218,25
2672,-1,233,32
2676,-2,227,28
2680,1,224,27
2680,1,221,25
2672,3,217,33
2676,4,217,28
2660,6,221,26
2676,5,218,29
2664,5,221,27
2664,6,222,25
2672,6,221,24
2664,9,218,27
2676,9,216,23
2672,11,214,27
2712,5,217,35
2676,7,215,26
2664,10,218,24
2720,8,221,22
2684,3,227,23
2664,7,219,24
2680,4,220,26
2668,6,222,24
2668,6,219,28
2676,6,219,26
2664,6,218,27
2684,6,221,26
2668,3,219,25
2664,5,220,25
2672,8,219,19
2664,6,210,22
2676,-1,224,23
2680,3,225,20
2664,4,224,29
2676,8,218,27
2664,4,221,27
2680,2,218,28
2672,1,214,24
2672,0,221,24
2676,4,222,23
2668,0,223,23
2676,5,222,24
2672,0,225,24
2664,-3,229,22
2684,-6,234,35
2672,4,228,24
2672,4,221,28
2664,1,224,25
2660,4,219,32
2672,5,220,25
2668,3,222,27
2664,2,219,24
2676,2,216,27
2664,-2,220,26
2680,0,217,29
2668,-1,228,28
2676,-1,228,32
2680,4,224,28
2668,8,220,31
2676,6,221,26
2664,-7,228,29
2688,4,217,30
2680,3,218,30
2672,2,220,30
2684,1,217,27
2672,3,220,26
2672,1,221,29
2676,2,221,30
2664,2,224,29
2684,3,223,27
2664,4,220,28
2672,1,218,32
2676,3,220,30
2664,1,222,30
2680,5,219,32
2676,8,215,28
2664,4,220,33
2672,5,219,29
2664,6,215,29
2680,5,220,29
2672,2,223,27
2664,3,222,26
2676,2,224,24
2664,4,223,25
2680,0,220,29
2672,4,218,28
2664,5,219,27
2676,3,220,21
2660,4,219,31
2676,-2,220,31
2684,2,219,27
2664,3,221,27
2676,0,222,29
2664,0,222,29
2672,0,222,28
2668,1,221,24
2660,2,218,24
2676,-2,224,27
2672,-3,225,24
2684,5,231,27
2664,1,219,27
2664,1,224,20
2672,16,219,18
2712,3,219,26
2672,5,224,25
2672,5,222,26
2664,5,221,23
2676,4,217,28
2660,3,221,26
2672,5,216,27
2676,3,220,25
2660,0,219,32
2680,4,219,23
2664,8,210,26
2672,16,211,27
2720,10,220,26
2720,4,223,24
2676,6,217,33
2672,6,221,33
2664,5,221,30
2668,8,222,27
2660,6,225,28
2672,10,222,28
2720,9,220,27
2664,8,220,28
2680,5,224,28
2672,11,218,26
2720,5,218,28
2672,10,215,25
2712,14,221,29
2724,6,211,29
2676,5,227,29
2664,4,220,25
2672,6,220,28
2664,6,220,31
2676,4,223,30
2680,3,221,27
2664,1,222,27
2680,-6,225,31
2672,-3,229,28
2680,-3,229,28
2684,3,220,20
2664,3,215,25
2680,1,229,22
2672,3,222,21
2660,-3,226,28
2684,0,223,28
2660,1,224,25
2672,0,225,25
2668,0,223,29
2664,1,222,28
2672,0,220,32
2660,6,222,26
2672,8,221,30
2672,6,224,32
2660,-3,239,31
2684,4,222,20
2668,3,225,33
2680,2,218,25
2672,2,220,26
2664,6,218,29
2668,5,219,27
2664,4,222,28
2676,2,221,27
2668,6,215,27
2660,5,216,27
2672,7,216,27
2664,8,215,27
2672,3,220,28
2672,15,218,24
2716,7,216,28
2676,3,215,24
2668,6,216,37
2672,2,221,33
2684,2,220,30
2672,1,220,30
2680,1,220,31
2664,4,219,31
2664,2,218,31
2672,2,221,34
2668,2,226,29
2680,-2,227,32
2680,2,214,30
2672,3,233,22
2664,4,221,25
2660,10,216,29
2728,2,223,22
2672,3,215,31
2668,3,219,28
2664,2,220,28
2664,3,223,28
2676,0,223,28
2668,1,223,27
2660,3,223,27
2676,7,220,26
2664,0,223,30
2668,-2,230,28
2680,4,220,27
2664,1,227,28
2676,-1,226,26
2676,4,224,22
2676,0,231,24
2664,2,221,26
2668,2,217,28
2672,2,221,28
2660,3,221,26
2672,3,220,27
2668,4,222,28
2660,0,225,27
2672,2,225,29
2660,3,225,30
2672,-4,224,26
2684,2,219,33
2668,9,229,17
2676,9,220,24
2664,5,221,25
2664,3,219,25
2676,7,218,26
2668,8,221,27
2676,6,217,26
2660,5,217,27
2672,3,218,27
2676,5,218,27
2672,3,219,29
2680,6,215,25
2668,-2,222,29
2680,1,222,30
2672,-1,219,20
2672,-1,220,25
2688,0,225,26
2672,4,221,27
2668,3,222,25
2672,2,219,25
2660,2,221,25
2676,2,221,27
2672,3,219,26
2660,2,225,23
2672,4,217,25
2664,8,218,26
2676,5,217,29
2672,6,218,30
2664,2,222,27
2672,2,225,27
2664,2,219,33
2676,3,222,31
2668,4,218,28
2660,3,222,31
2672,5,227,28
2664,7,223,28
2676,4,221,29
2664,2,219,31
2672,3,219,30
2676,4,219,25
2664,6,221,29
2676,9,214,37
2676,2,218,24
2660,8,213,28
2672,4,223,25
2660,3,216,29
2672,-1,223,28
2680,2,220,29
2668,-1,225,29
2684,3,221,28
2668,5,224,28
2664,5,222,27
2672,4,221,27
2664,3,219,25
2672,2,222,26
2668,-1,231,29
2680,0,230,26
2668,0,226,27
2660,4,222,22
2672,1,225,26
2664,0,227,28
2668,1,220,25
2668,2,218,26
2660,2,222,28
2676,3,221,25
2664,3,219,28
2664,4,222,28
2668,2,215,28
2664,-1,212,31
2684,7,219,29
2664,-2,229,29
2676,2,226,29
2676,1,223,26
2660,5,214,25
2680,5,218,28
2664,5,219,27
2672,5,220,24
2676,3,221,24
2660,4,216,28
2680,3,219,27
2664,5,218,27
2668,7,219,35
2672,9,213,30
2672,6,223,31
2672,10,214,28
2720,6,216,25
2664,3,220,23
2676,3,218,32
2664,5,218,26
2676,5,221,26
2672,4,223,27
2664,2,217,27
2668,2,219,29
2660,2,221,28
2672,5,219,27
2672,1,221,31
2664,1,217,33
2664,6,219,30
2660,1,227,30
2684,4,218,29
2664,-3,225,26
2676,2,216,30
2676,1,224,26
2664,-1,221,30
2680,0,223,28
2672,-1,224,31
2672,-3,223,27
2680,1,222,27
2668,-3,226,28
2680,-4,222,27
2684,-4,221,30
2680,0,219,25
2680,-2,223,27
2676,0,223,35
2676,2,239,27
2668,1,219,22
2660,2,218,23
2680,3,220,25
2668,4,218,24
2668,4,222,27
2672,4,219,27
2664,5,220,26
2684,7,216,26
2664,7,214,27
2660,6,219,31
2672,4,225,31
2664,1,220,34
2684,5,224,30
2668,-2,221,27
2672,4,214,28
2676,8,218,28
2664,4,215,29
2680,2,219,29
2672,0,219,33
2668,2,223,30
2672,5,220,27
2664,2,221,28
2672,2,217,28
2668,-3,226,28
2676,1,223,32
2668,1,220,28
2664,4,221,31
2672,-4,223,28
2684,1,220,33
2664,1,223,27
2672,-2,223,27
2672,4,224,27
2680,3,225,24
2672,5,217,25
2660,2,218,29
2672,2,222,27
2660,2,222,27
2672,-1,224,28
2676,4,218,25
2672,2,222,32
2676,0,220,22
2660,11,214,24
2728,5,220,27
2668,3,214,26
2660,2,224,23
2680,3,221,24
2664,3,220,25
2660,1,220,23
2672,0,222,24
2664,1,220,26
2688,2,222,28
2672,3,213,28
2664,4,224,25
2672,2,228,26
2664,3,224,26
2684,13,217,22
2716,0,217,26
2668,7,221,27
2672,4,225,25
2664,6,220,26
2672,3,220,29
2668,3,217,24
2660,0,214,24
2672,-1,217,25
2668,3,219,29
2676,9,229,25
2672,10,235,27
2716,6,235,24
2676,-1,227,28
2676,-12,230,37
2736,-13,220,26
2732,-2,222,28
2672,1,225,28
2676,6,224,26
2676,3,223,27
2660,4,222,31
2672,1,218,30
2664,2,224,26
2672,1,218,33
2680,6,218,25
2664,5,227,23
2680,2,223,26
2668,-1,224,26
2680,4,220,35
2672,0,228,32
2660,2,218,27
2676,4,217,27
2664,6,216,28
2672,6,218,27
2676,6,214,26
2664,6,218,27
2680,6,218,24
2684,2,224,26
2672,3,217,32
2676,1,221,32
2664,2,227,28
2684,4,223,22
2672,2,221,32
2664,-2,226,29
2680,0,218,32
2664,-1,223,28
2688,0,223,27
2676,0,225,27
2664,2,223,25
2664,0,224,24
2660,1,222,29
2672,-1,223,28
2680,7,218,27
2664,-1,222,25
2680,-4,230,31
2680,7,216,29
2668,1,226,26
2672,3,221,24
2668,4,217,29
2668,2,220,29
2664,1,220,30
2672,1,221,32
2680,0,230,30
2664,-2,225,28
2696,-1,228,35
2672,0,228,30
2672,-1,233,33
2680,5,226,28
2660,-2,224,31
2688,3,218,31
2676,-10,232,31
2720,-6,230,26
2688,-1,227,26
2672,0,228,23
2676,0,225,25
2664,2,225,25
2668,6,227,25
2676,3,227,25
2660,5,217,24
2672,6,217,22
2672,10,210,26
2716,11,208,25
2732,15,217,23
2720,19,209,21
2716,12,216,27
2720,15,213,25
2728,14,217,26
2720,10,224,28
2720,9,221,30
2672,11,220,31
2724,10,221,33
2724,6,223,37
2672,5,226,46
2676,-4,237,43
2680,-4,239,45
2672,-3,236,37
2680,0,235,46
2660,-8,232,41
2680,-13,232,46
2736,-15,227,49
2720,-17,226,44
2740,-14,223,45
2732,-15,221,48
2728,-14,241,49
2740,-18,234,42
2728,-18,240,50
2720,-7,228,42
2688,-1,219,38
2684,-3,218,41
2672,-1,218,42
2676,4,210,38
2664,4,211,40
2672,10,212,43
2724,10,205,42
2716,12,203,45
2724,16,201,42
2728,17,196,46
2716,9,196,45
2672,7,197,47
2660,6,201,50
2680,6,200,58
2672,11,203,55
2716,9,209,54
2688,9,210,51
2664,7,205,55
2664,6,210,55
2672,2,215,58
2668,-3,212,61
2688,-5,215,62
2688,-3,220,60
2676,-6,221,61
2688,-6,227,62
2676,-10,236,71
2728,-17,238,70
2732,12,252,83
2720,114,300,127
2836,61,344,118
2776,86,446,174
2776,68,414,175
2768,-8,325,149
2736,-59,262,162
2776,-52,217,178
2776,-37,213,163
2792,-43,281,140
2788,-11,269,141
2780,11,262,143
2772,27,262,138
2776,43,274,125
2772,58,275,116
2768,53,257,120
2784,42,248,136
2772,43,242,136
2764,40,235,147
2780,39,238,142
2772,36,230,137
2768,32,237,134
2776,28,229,139
2772,18,230,144
2772,20,222,142
2760,11,245,149
2784,16,230,148
2780,4,235,149
2720,1,233,149
2724,0,234,150
2728,0,231,148
2712,0,228,150
2724,1,227,150
2720,0,228,145
2716,-3,229,151
2740,4,225,154
2728,-1,238,143
2724,15,213,147
2784,7,224,139
2724,7,221,137
2724,7,219,136
2732,2,220,141
2720,3,220,138
2712,-1,220,140
2736,-3,223,130
2736,-3,213,132
2728,-17,223,138
2792,-12,218,136
2784,-23,211,135
2772,-18,209,135
2776,-15,210,135
2784,-18,212,136
2780,-13,209,132
2776,-14,209,133
2784,-16,212,141
2780,-19,213,139
2776,-20,215,142
2788,-13,210,137
2788,-15,211,138
2784,-18,209,132
2780,-22,210,130
2780,-23,202,130
2780,-23,198,129
2776,-28,206,128
2788,-25,209,122
2776,-34,199,118
2776,-57,247,93
2732,-44,233,97
2728,0,199,117
2720,23,158,128
2776,30,109,127
2784,25,96,139
2724,29,117,121
2768,24,150,105
2772,19,187,89
2720,3,215,71
2664,-1,206,69
2684,1,189,74
2660,8,175,83
2672,3,178,93
2672,-1,186,94
2672,0,186,91
2676,4,193,85
2668,-1,214,86
2680,9,187,80
2668,-3,201,83
2680,5,189,82
2676,15,184,78
2716,14,198,72
2720,24,200,69
2724,26,200,68
2720,23,209,66
2724,28,206,62
2720,29,209,59
2716,22,207,60
2724,14,214,57
2720,9,221,57
2664,10,216,55
2728,15,220,50
2724,24,217,46
2716,25,224,42
2740,22,232,34
2720,24,234,28
2716,24,241,26
2728,22,244,28
2720,20,243,28
2720,18,244,17
2720,17,248,17
2720,16,244,14
2716,9,241,6
2628,-6,247,0
2624,-5,233,4
2640,-13,213,-6
2696,-10,203,-15
2748,-5,193,-17
2696,2,188,-21
2684,5,186,-22
2688,13,182,-29
2748,21,184,-29
2732,35,185,-34
2748,35,185,-33
2748,49,182,-33
2736,59,176,-30
2744,64,184,-31
2744,63,192,-32
2732,58,197,-30
2740,52,201,-29
2740,43,208,-27
2732,31,214,-23
2744,28,214,-22
2740,8,224,-24
2680,1,228,-25
2696,-3,226,-12
2700,-10,236,-11
2744,-16,264,-11
2764,-13,267,-9
2704,-11,267,-9
2696,-11,270,-13
2752,-11,263,-14
2748,-9,254,-13
2700,-5,249,-22
2704,-5,248,-19
2696,-5,234,-27
2692,0,225,-28
2688,-11,217,-34
2744,-23,208,-39
2756,-25,199,-42
2748,-27,187,-40
2744,-21,175,-42
2748,-19,172,-41
2744,-1,162,-50
2696,3,163,-57
2688,12,164,-52
2740,21,159,-55
2744,28,150,-43
2744,25,153,-41
2744,32,156,-41
2736,36,164,-37
2740,39,172,-35
2740,40,182,-30
2736,40,190,-28
2744,41,199,-28
2744,44,209,-17
2736,41,216,-10
2740,28,228,-8
2688,29,226,-11
2736,22,243,-7
2692,19,241,-7
2692,14,244,-11
2740,8,245,-12
2688,0,248,-16
2692,0,238,-21
2684,2,236,-23
2708,5,229,-26
2684,-1,224,-30
2696,4,220,-39
2688,8,211,-42
2688,7,199,-46
2692,13,200,-49
2744,15,194,-51
2740,15,191,-50
2744,19,188,-49
2744,26,191,-45
2740,30,190,-44
2744,26,200,-44
2748,24,206,-47
2740,24,215,-43
2740,13,228,-44
2744,23,221,-39
2732,25,225,-37
2744,28,225,-37
2744,23,228,-39
2740,15,228,-43
2740,7,229,-37
2688,-3,230,-42
2696,-6,222,-50
2704,-10,222,-45
2748,-10,219,-53
2744,-9,220,-60
2712,-7,211,-64
2700,-4,209,-65
2696,-4,213,-63
2700,-6,212,-60
2692,-3,212,-63
2696,2,216,-57
2688,-1,219,-58
2696,-4,231,-57
2708,-14,243,-57
2752,-13,236,-49
2744,-22,234,-47
2756,-23,236,-55
2760,-33,234,-46
2748,-17,228,-42
2748,5,221,-46
2688,15,206,-47
2736,16,204,-44
2744,15,202,-42
2752,17,205,-45
2732,19,202,-43
2744,21,203,-45
2744,22,200,-45
2736,24,203,-41
2740,16,216,-38
2736,12,222,-35
2736,12,231,-31
2748,9,234,-32
2696,8,243,-30
2688,-1,243,-26
2708,3,249,-23
2688,-9,258,-16
2696,-4,250,-18
2700,-2,244,-13
2692,1,252,-17
2692,-1,258,-18
2704,2,253,-15
2688,1,251,-14
2696,9,245,-11
2696,10,244,-10
2732,10,238,-11
2748,7,240,-10
2692,4,241,-12
2680,1,245,-13
2688,-5,229,-7
2636,-7,233,-6
2644,-12,229,-13
2748,-16,220,-14
2748,-22,222,-14
2756,-26,216,-14
2756,-22,213,-16
2740,-19,212,-15
2748,-15,216,-14
2760,-17,219,-10
2740,-6,218,-12
2700,2,212,-8
2644,-6,229,-12
2700,6,219,-4
2648,2,223,-6
2628,-3,232,-1
2648,1,232,0
2632,1,239,-1
2624,1,240,4
2632,2,243,3
2616,7,247,6
2632,7,249,9
2628,15,250,10
2728,15,251,8
2680,22,244,13
2712,24,246,19
2732,21,253,11
2720,21,252,18
2716,18,255,21
2720,23,252,20
2724,17,256,17
2712,13,256,21
2728,8,258,22
2668,3,261,25
2676,3,256,27
2680,6,256,25
2664,4,253,23
2680,-2,258,21
2676,9,234,20
2672,-1,241,22
2680,-5,237,20
2676,-11,224,12
2740,-13,221,11
2724,-14,223,14
2728,-12,220,13
2744,-6,221,17
2676,0,224,15
2672,-2,227,9
2632,-3,230,10
2672,-4,237,13
2688,-1,229,14
2684,-2,231,24
2676,1,234,19
2672,1,228,21
2664,15,239,21
2724,24,235,26
2728,25,239,27
2720,28,245,29
2724,25,251,29
2724,26,252,35
2716,27,257,32
2728,27,257,39
2728,26,258,41
2716,30,256,34
2736,37,250,30
2720,45,247,31
2720,50,244,33
2736,54,242,30
2720,55,240,29
2716,57,237,26
2724,59,239,26
2720,60,235,28
2716,67,243,31
2724,71,242,27
2720,86,243,25
2720,88,252,32
2728,79,256,36
2716,75,262,38
2724,68,261,41
2724,65,260,40
2720,64,258,43
2724,66,259,41
2728,68,256,41
2716,64,267,45
2716,74,271,52
2732,65,264,42
2712,79,272,35
2728,83,270,32
2720,85,272,35
2716,86,274,39
2728,88,275,39
2724,87,273,40
2720,88,271,41
2728,88,279,43
2720,94,271,40
2716,91,273,50
2720,95,253,45
2720,105,264,42
2780,108,249,43
2788,107,241,44
2784,111,226,48
2776,117,216,53
2776,127,211,52
2780,136,206,49
2792,148,200,47
2776,159,184,40
2780,160,195,37
2784,156,175,30
2780,151,176,27
2788,139,178,24
2784,131,165,25
2780,123,158,21
2784,118,157,27
2780,111,166,13
2784,98,177,17
2716,95,172,14
2732,79,179,21
2724,79,188,24
2716,76,193,29
2732,77,198,29
2724,75,205,36
2720,74,205,35
2720,72,211,35
2720,66,220,39
2716,62,220,45
2720,66,214,35
2716,64,216,35
2720,57,195,43
2720,52,194,40
2712,49,198,35
2720,53,195,30
2728,51,198,26
2720,45,201,26
2724,48,196,27
2724,41,202,30
2716,42,207,30
2732,46,199,29
2716,38,207,30
2720,43,206,30
2724,44,208,31
2724,42,209,33
2716,48,207,32
2736,46,207,33
2720,49,201,32
2716,52,200,29
2728,45,200,25
2720,46,203,25
2724,42,208,27
2720,43,200,21
2724,42,198,30
2716,43,200,28
2720,49,201,29
2712,50,198,30
2720,56,199,29
2720,61,202,21
2716,47,206,24
2724,43,203,30
2724,53,192,30
2716,54,184,37
2720,60,185,33
2724,72,188,34
2716,74,187,35
2724,78,190,37
2728,77,193,34
2716,80,197,35
2732,88,185,33
2724,81,186,32
2716,84,194,38
2736,75,201,32
2720,64,215,35
2716,56,219,38
2728,45,223,46
2728,38,234,48
2720,30,240,46
2720,17,247,42
2724,9,245,40
2660,-6,248,39
2688,-12,239,37
2724,-12,229,29
2728,-22,234,20
2740,-24,237,21
2728,-20,232,20
2736,-21,218,15
2744,-18,220,16
2724,-9,216,14
2680,-3,213,15
2676,2,207,13
2672,10,213,8
2676,13,217,6
2668,16,207,7
2676,10,199,19
2724,11,194,20
2716,10,203,22
2740,16,202,22
2724,16,210,25
2716,22,216,29
2736,22,224,29
2724,21,227,30
2720,18,226,30
2728,15,232,38
2720,14,235,36
2720,8,245,36
2668,6,234,40
2664,1,241,38
2676,1,234,30
2676,-1,228,25
2680,-3,229,24
2696,-6,230,20
2676,-8,229,21
2684,-5,227,20
2680,-8,225,20
2672,-9,222,24
2692,-8,225,20
2684,-14,231,23
2728,-4,226,17
2680,-16,229,18
2740,-14,236,17
2724,-9,237,23
2684,-14,237,13
2728,-8,229,22
2680,-8,232,24
2680,-7,230,23
2676,-2,236,22
2688,8,225,22
2672,18,218,30
2716,27,221,34
2720,49,216,32
2716,65,217,30
2724,87,215,34
2728,89,236,38
2712,85,220,30
2720,86,205,39
2720,84,211,38
2708,81,208,34
2724,83,203,36
2732,83,207,35
2716,81,217,30
2728,71,218,24
2724,70,219,28
2716,60,223,34
2732,54,216,33
2716,25,233,29
2716,6,239,28
2680,-3,240,37
2672,-16,243,38
2736,-22,244,39
2736,-26,249,37
2728,-32,251,35
2728,-33,254,32
2732,-41,255,32
2728,-40,244,25
2732,-47,226,33
2732,-51,216,25
2720,-48,212,26
2740,-41,209,25
2732,-32,211,30
2720,-21,213,29
2728,-17,216,31
2732,-17,218,30
2720,-22,218,28
2740,-20,213,28
2728,-22,216,27
2728,-32,214,28
2732,-34,207,34
2736,-29,207,33
2720,-33,207,37
2732,-37,203,36
2740,-39,203,34
2724,-40,207,32
2732,-41,210,31
2740,-46,203,33
2724,-52,211,34
2736,-40,195,29
2728,-36,198,31
2724,-31,195,28
2744,-40,202,27
2740,-55,214,25
2724,-66,224,24
2736,-78,227,23
2732,-81,226,22
2720,-79,227,20
2740,-76,227,19
2732,-83,240,24
2732,-81,238,23
2740,-77,245,29
2724,-82,248,30
2732,-79,245,29
2736,-79,238,32
2732,-70,239,35
2728,-67,240,37
2740,-59,242,36
2728,-55,246,41
2728,-53,254,40
2740,-49,259,34
2728,-40,248,36
2720,-37,243,35
2748,-27,229,35
2724,-20,218,31
2728,-17,217,27
2740,-22,222,24
2732,-25,217,21
2724,-30,213,24
2748,-33,206,22
2724,-41,219,24
2728,-39,226,26
2740,-51,218,22
2740,-52,219,20
2724,-56,222,19
2732,-56,221,22
2732,-54,218,20
2724,-52,214,21
2736,-47,204,16
2728,-50,207,15
2728,-47,197,22
2732,-52,198,21
2736,-51,210,24
2732,-42,208,22
2724,-29,209,25
2732,-21,210,26
2724,-15,212,30
2728,-13,215,31
2736,-13,214,34
2724,-14,220,33
2732,-8,223,41
2672,9,229,46
2676,3,217,37
2680,13,222,40
2712,31,219,48
2728,40,221,51
2724,47,225,51
2716,55,230,56
2732,62,234,53
2724,61,244,57
2720,65,248,58
2728,66,244,58
2724,60,251,54
2716,67,247,49
2720,58,247,53
2728,43,242,49
2716,40,239,48
2720,38,241,46
2720,34,239,45
2720,30,231,45
2720,26,229,44
2716,25,225,41
2728,33,212,34
2724,33,234,40
2712,32,221,34
2720,48,216,31
2728,53,202,28
2716,54,201,32
2728,56,205,33
2720,55,207,37
2716,54,214,37
2736,52,214,35
2724,40,216,37
2716,34,220,37
2728,29,217,35
2728,34,200,37
2712,22,216,40
2720,17,211,35
2720,16,217,36
2716,11,218,37
2720,10,225,33
2720,3,220,30
2668,2,217,29
2672,3,209,24
2672,-1,214,27
2688,5,208,28
2672,-5,208,24
2676,-2,209,19
2680,-4,213,25
2680,-4,213,18
2684,0,214,18
2668,-1,214,19
2676,-3,217,22
2684,2,218,22
2664,0,217,27
2664,0,213,25
2672,2,216,25
2664,1,209,26
2664,6,205,24
2660,11,206,26
2720,16,202,22
2728,16,211,27
2720,13,211,28
2728,24,205,31
2724,30,202,30
2720,33,206,30
2728,36,205,33
2724,42,209,33
2716,36,214,39
2736,36,217,34
2724,32,218,35
2716,36,214,36
2732,25,218,34
2728,26,221,40
2712,30,221,37
2724,27,226,37
2724,22,232,35
2716,20,238,38
2724,12,237,42
2720,16,242,43
2720,13,238,42
2720,5,242,40
2664,14,240,46
2720,15,238,41
2728,13,234,39
2716,15,243,41
2724,14,243,36
2720,18,238,39
2712,18,235,43
2736,19,237,41
2720,24,239,44
2716,29,239,42
2728,38,242,44
2724,43,246,41
2720,42,246,39
2732,35,250,43
2724,44,242,46
2712,42,248,41
2720,40,244,42
2724,40,244,42
2720,39,238,39
2724,42,238,38
2720,44,233,40
2728,41,244,34
2732,46,240,27
2716,45,230,29
2720,42,221,32
2728,38,221,32
2712,37,221,30
2720,35,232,29
2720,35,229,29
2716,36,236,27
2728,36,236,21
2720,41,235,21
2708,39,238,23
2736,42,234,19
2724,51,219,29
2716,51,233,27
2728,51,244,23
2724,59,236,23
2716,57,239,20
2732,58,242,22
2724,59,241,20
2720,56,241,19
2720,58,236,23
2724,59,244,13
2716,61,240,11
2724,61,248,14
2716,61,253,5
2676,58,245,10
2728,55,248,6
2676,50,252,3
2680,53,252,3
2684,53,257,3
2664,52,266,3
2680,55,263,2
2668,58,262,0
2680,55,258,-8
2704,56,260,-9
2688,50,252,-10
2748,48,251,-12
2744,51,240,-19
2728,53,253,-18
2756,59,254,-21
2740,60,258,-24
2740,56,260,-20
2756,52,260,-25
2736,46,268,-26
2740,45,272,-27
2748,45,266,-30
2748,44,266,-31
2740,46,258,-32
2744,41,264,-41
2744,37,257,-40
2732,36,249,-40
2744,33,244,-42
2736,33,236,-43
2744,40,223,-51
2740,36,227,-53
2740,37,220,-54
2736,45,224,-52
2740,49,214,-61
2740,45,205,-60
2740,54,200,-62
2744,53,195,-61
2740,57,193,-65
2740,55,189,-66
2744,52,192,-67
2740,51,198,-66
2736,43,212,-68
2736,38,219,-62
2748,31,231,-67
2732,21,231,-63
2736,15,232,-62
2748,12,225,-65
2736,18,221,-66
2740,18,213,-68
2740,18,208,-72
2752,25,208,-74
2736,21,195,-74
2740,23,198,-80
2736,22,190,-78
2736,14,185,-76
2740,25,182,-79
2744,29,181,-80
2732,34,183,-81
2740,38,183,-78
2740,46,183,-74
2740,48,188,-78
2740,55,186,-74
2744,58,168,-65
2732,48,184,-73
2740,54,193,-66
2744,58,194,-65
2736,55,192,-63
2752,52,196,-61
2736,50,196,-58
2740,50,194,-57
2752,53,198,-56
2740,52,193,-56
2736,46,197,-54
2748,55,187,-59
2736,48,191,-55
2740,52,184,-60
2748,52,182,-57
2740,55,183,-55
2736,52,186,-53
2748,51,193,-44
2744,52,204,-45
2732,51,205,-43
2744,48,208,-42
2752,53,206,-43
2732,61,201,-37
2740,61,205,-39
2748,59,200,-36
2740,62,195,-38
2740,61,189,-33
2740,62,182,-34
2740,64,184,-28
2744,71,172,-34
2740,84,174,-33
2732,78,174,-23
2740,95,160,-28
2740,89,156,-22
2740,82,157,-18
2736,77,163,-16
2744,74,170,-13
2736,66,178,-7
2700,65,188,-5
2700,57,199,1
2672,49,211,2
2680,40,216,13
2724,45,221,7
2668,24,224,7
2676,15,230,5
2668,11,231,9
2676,4,225,13
2672,6,226,13
2664,10,222,12
2728,16,220,16
2720,20,218,22
2720,24,212,27
2720,28,214,25
2716,32,209,25
2728,28,204,25
2720,45,200,27
2712,47,200,35
2720,63,196,28
2720,67,196,32
2712,75,200,34
2720,77,200,39
2728,86,203,44
2712,92,204,45
2728,93,209,47
2720,94,221,48
2720,79,230,51
2740,90,233,50
2724,87,231,48
2716,78,222,51
2732,73,224,54
2724,67,225,57
2716,64,228,55
2728,59,238,54
2728,60,244,51
2716,60,246,43
2720,63,238,46
2732,59,245,44
2712,54,240,43
2728,47,230,44
2712,45,222,39
2720,39,233,39
2728,31,237,37
2716,19,237,36
2720,7,243,36
2672,-1,240,34
2676,-5,229,39
2696,-16,236,50
2732,-18,220,45
2724,-14,205,43
2736,-8,198,36
2684,4,187,47
2664,15,178,45
2724,23,172,51
2716,29,159,55
2724,36,147,54
2724,36,142,57
2712,42,144,57
2720,44,142,62
2732,43,134,63
2712,49,145,66
2724,51,147,68
2720,33,159,67
2716,27,171,74
2732,31,186,77
2720,36,204,82
2712,39,228,85
2736,36,250,84
2716,35,264,88
2716,30,276,92
2720,29,285,92
2720,21,296,98
2716,17,309,106
2780,19,315,109
2772,1,327,104
2716,-1,326,99
2676,-1,318,96
2676,-2,316,95
2684,-1,307,93
2688,-2,307,85
2672,0,295,87
2684,-3,289,80
2680,-2,282,82
2680,-21,289,87
2736,-22,265,62
2724,-26,261,67
2736,-18,225,58
2728,-27,220,56
2720,-28,222,52
2740,-24,217,50
2724,-25,212,45
2728,-28,204,49
2724,-40,206,47
2732,-43,206,44
2724,-34,194,38
2732,-39,189,34
2732,-32,179,21
2720,-29,178,23
2728,-22,183,23
2736,-13,190,29
2720,-8,198,30
2680,-4,211,30
2680,-3,216,34
2676,-8,223,33
2684,-13,233,34
2728,-9,237,34
2680,-16,220,35
2728,-14,227,41
2724,2,219,41
2672,3,214,42
2672,10,216,44
2716,18,219,50
2736,27,224,48
2716,37,226,53
2716,43,231,58
2728,53,226,63
2724,50,224,65
2716,55,221,70
2728,62,226,61
2724,55,229,63
2720,57,220,62
2728,53,216,62
2716,52,215,63
2724,45,216,64
2728,45,216,65
2712,43,215,64
2720,36,218,67
2728,38,220,65
2716,42,221,75
2720,37,230,78
2732,33,246,67
2716,37,243,68
2728,32,240,65
2716,30,239,64
2716,29,239,63
2732,28,239,62
2724,32,233,61
2716,36,239,62
2732,36,242,55
2724,30,244,56
2716,35,243,54
2728,28,236,58
2724,26,233,50
2720,28,231,51
2720,23,234,53
2724,22,230,49
2716,25,227,47
2720,30,224,50
2716,32,228,49
2720,29,229,49
2724,35,221,54
2720,32,238,62
2720,41,227,60
2720,33,234,66
2716,32,234,61
2724,31,233,64
2732,29,237,62
2712,21,239,66
2724,16,242,63
2724,14,234,65
2716,21,226,65
2736,16,221,55
2720,23,222,67
2716,26,239,62
2732,20,235,66
2724,15,237,66
2720,17,239,68
2720,12,236,70
2720,15,242,67
2716,13,244,70
2728,11,256,70
2728,13,271,74
2716,13,280,76
2728,9,296,76
2672,0,318,89
2664,3,309,85
2668,-1,295,84
2684,1,269,79
2676,-1,256,73
2676,-10,240,70
2732,-8,234,62
2680,-5,219,62
2672,-8,223,58
2680,-9,235,56
2680,-5,234,49
2680,-21,244,49
2736,-15,256,49
2732,-8,236,42
2680,5,232,38
2672,11,226,38
2716,18,221,34
2720,25,218,29
2732,22,216,27
2716,30,222,28
2736,39,220,26
2724,41,223,19
2716,41,230,25
2732,39,243,17
2720,44,233,17
2716,45,225,14
2736,45,223,13
2720,45,220,14
2716,44,217,13
2736,43,218,9
2684,44,210,14
2716,38,215,10
2728,36,223,5
2668,25,224,8
2680,32,222,7
2688,33,218,9
2672,27,222,6
2692,22,220,10
2720,22,221,7
2668,20,218,10
2720,16,216,8
2668,18,216,6
2676,15,216,6
2688,16,218,7
2672,14,216,4
2680,14,214,3
2676,10,212,8
2672,14,209,4
2688,2,230,4
2624,6,214,6
2636,0,219,6
2620,12,212,1
2684,13,207,4
2684,10,206,2
2672,10,205,1
2684,13,201,1
2668,9,201,4
2624,10,203,1
2680,11,199,-2
2692,8,197,0
2628,3,200,1
2616,11,198,2
2684,2,208,3
2616,5,210,9
2624,-2,217,9
2636,-5,213,6
2624,-9,228,8
2628,-6,229,16
2684,-5,232,12
2688,-5,238,14
2684,-6,239,16
2676,-7,239,17
2676,-13,243,20
2732,-6,240,23
2680,-6,246,25
2680,-11,246,11
2724,-5,240,19
2692,-15,246,27
2724,-12,247,20
2728,-12,235,14
2740,-14,239,14
2728,-15,240,12
2728,-13,235,14
2740,-13,237,14
2728,-15,239,15
2724,-11,245,15
2748,-11,249,10
2732,0,233,12
2664,-14,243,14
2732,-6,246,16
2672,-4,241,15
2680,-10,246,18
2732,-15,254,20
2732,-22,256,18
2732,-29,261,21
2736,-32,256,18
2724,-39,259,16
2732,-41,249,18
2732,-45,249,23
2728,-57,250,21
2724,-52,257,18
2740,-52,236,12
2728,-52,232,14
2740,-53,225,12
2740,-50,220,13
2724,-47,218,8
2680,-47,220,6
2680,-44,220,6
2680,-45,216,10
2724,-45,218,9
2684,-42,226,8
2680,-41,211,5
2680,-41,224,4
2672,-42,220,8
2692,-39,218,4
2684,-37,222,7
2676,-37,223,9
2684,-48,231,14
2728,-54,232,13
2736,-56,229,3
2680,-59,239,8
2672,-57,222,10
2736,-63,226,12
2728,-60,223,10
2720,-57,219,11
2744,-55,220,1
2680,-60,220,2
2676,-62,223,2
2680,-66,226,2
2672,-68,227,3
2680,-73,225,5
2692,-70,221,5
2672,-69,227,3
2688,-72,227,-3
2708,-72,228,0
2676,-75,232,5
2680,-77,223,-6
2692,-79,223,-9
2696,-75,224,1
2680,-76,221,-3
2696,-77,221,-2
2696,-68,224,-5
2688,-69,228,-6
2704,-68,239,-10
2756,-62,237,-3
2688,-63,237,0
2688,-62,228,3
2688,-74,244,0
2672,-76,245,-5
2704,-72,247,-3
2700,-77,244,-8
2692,-71,236,-7
2696,-72,231,-10
2740,-69,237,-7
2700,-77,242,-6
2700,-79,244,-8
2696,-84,239,-11
2756,-90,240,-11
2760,-93,238,-11
2752,-98,236,-13
2752,-98,236,-5
2700,-103,244,0
2732,-95,255,0
2680,-94,255,-3
2696,-94,252,2
2676,-97,249,5
2696,-95,255,5
2672,-95,253,2
2680,-95,254,2
2684,-97,242,0
2672,-97,240,2
2688,-87,239,0
2680,-94,256,-4
2696,-88,252,3
2676,-87,259,7
2676,-72,258,8
2684,-70,255,9
2688,-68,254,11
2724,-74,252,10
2740,-84,242,2
2680,-90,230,1
2672,-90,205,-8
2696,-80,185,-13
2744,-74,185,-14
2752,-67,189,-15
2756,-51,179,-23
2748,-56,185,-14
2744,-60,190,-18
2744,-64,193,-11
2748,-66,190,-12
2748,-71,188,-8
2704,-86,197,-4
2700,-97,194,-4
2692,-118,195,-2
2764,-135,216,10
2784,-129,204,8
2736,-136,216,3
2744,-143,224,3
2736,-143,224,7
2736,-145,222,10
2792,-140,219,16
2788,-140,221,16
2784,-137,213,27
2784,-132,220,30
2792,-127,226,28
2792,-115,242,26
2780,-109,243,28
2784,-109,235,35
2788,-106,232,36
2780,-102,225,37
2780,-99,219,36
2740,-94,197,34
2724,-100,179,22
2780,-97,180,11
2732,-89,176,-1
2692,-59,149,-22
2748,-35,135,-21
2756,-20,133,-21
2748,-2,136,-18
2696,10,145,-14
2740,24,148,-11
2740,41,148,-3
2704,48,168,6
2680,55,160,10
2716,46,170,18
2728,38,177,11
2720,13,186,18
2720,2,194,24
2680,-8,207,28
2680,-15,218,35
2728,-27,226,41
2724,-35,243,44
2744,-44,250,50
2724,-48,256,61
2732,-50,262,55
2736,-51,269,61
2732,-54,272,49
2732,-33,257,47
2720,-28,261,47
2736,-21,261,45
2728,-26,262,46
2720,-26,256,43
2732,-17,250,45
2732,-8,237,30
2676,21,209,26
2720,49,196,17
2720,69,184,3
2664,90,182,-4
2696,86,145,-15
2740,72,130,-29
2736,65,106,-31
2748,63,90,-32
2696,66,90,-26
2684,75,99,-28
2688,79,120,-27
2740,79,146,-20
2740,83,170,-15
2748,89,175,-9
2696,71,196,-3
2692,51,237,16
2720,48,239,22
2724,40,241,23
2724,30,245,26
2728,23,248,27
2716,17,245,24
2724,14,245,29
2720,12,243,26
2720,7,247,23
2680,10,236,14
2724,18,247,23
2712,9,245,11
2672,2,244,8
2616,1,234,-5
2644,2,223,-14
2696,20,200,-28
2736,48,170,-39
2744,75,145,-49
2740,99,131,-55
2736,125,134,-63
2808,140,131,-65
2804,151,131,-62
2792,167,145,-58
2800,170,152,-52
2800,165,172,-46
2804,156,193,-33
2804,147,211,-25
2804,131,240,-15
2804,121,270,-6
2756,116,280,1
2728,102,301,13
2788,61,334,33
2720,58,342,35
2716,51,342,38
2720,43,341,42
2724,45,338,43
2716,44,331,46
2724,53,327,44
2716,58,331,35
2724,74,339,35
2720,71,329,20
2716,76,312,14
2720,70,277,9
2680,68,257,6
2676,63,250,1
2684,67,238,-2
2696,75,225,-9
2692,89,220,-17
2740,107,212,-18
2800,125,211,-26
2796,134,203,-28
2812,135,214,-25
2808,129,222,-17
2804,120,218,-5
2748,111,224,-2
2752,98,229,3
2676,86,244,5
2672,80,249,11
2724,69,260,11
2716,58,275,16
2720,63,277,16
2724,40,300,16
2720,33,279,14
2724,14,272,27
2728,7,277,28
2668,9,276,24
2676,11,267,22
2724,17,264,19
2716,25,254,13
2728,36,245,13
2720,39,244,8
2676,45,233,14
2728,48,228,8
2672,53,222,7
2672,46,218,-2
2696,47,205,-8
2688,46,198,-12
2736,50,189,-11
2744,53,189,-11
2736,62,192,-9
2700,69,201,-5
2692,80,214,-9
2688,75,225,-19
2744,65,240,-15
2732,55,252,1
2676,44,243,8
2684,29,250,10
2724,19,267,24
2732,9,271,26
2668,5,276,28
2672,2,275,27
2668,-1,269,33
2676,-3,256,19
2688,-5,258,27
2688,-1,242,26
2672,-1,244,23
2696,-5,251,14
2680,1,245,17
2664,11,230,16
2720,9,240,10
2664,15,244,12
2728,21,238,13
2728,20,229,16
2716,25,232,14
2728,27,232,8
2680,28,233,6
2668,21,227,10
2728,15,228,8
2676,19,213,10
2724,13,219,15
2724,15,219,5
2676,11,224,9
2672,3,230,0
2636,-6,238,4
2628,-15,240,4
2676,-22,236,2
2680,-27,241,1
2688,-33,240,3
2680,-35,245,6
2680,-48,250,18
2724,-55,256,20
2744,-50,244,6
2676,-53,229,1
2680,-54,222,3
2680,-52,209,2
2684,-57,214,7
2680,-50,214,5
2672,-45,213,3
2680,-42,210,2
2676,-38,210,-1
2704,-36,205,1
2688,-43,213,7
2672,-40,214,4
2688,-35,209,8
2680,-37,217,3
2676,-28,208,-3
2704,-40,217,-2
2696,-27,206,5
2684,-18,204,0
2684,-29,208,-3
2692,-29,203,0
2680,-29,204,2
2672,-32,206,2
2680,-29,207,4
2680,-25,211,0
2680,-25,216,6
2692,-33,224,-2
2696,-32,216,2
2676,-26,221,10
2724,-35,230,2
2676,-37,224,4
2684,-40,221,4
2688,-47,214,-1
2696,-46,208,0
2684,-44,205,-3
2704,-49,201,-1
2692,-47,206,-5
2700,-47,202,-4
2688,-50,208,-8
2696,-51,201,-12
2756,-44,211,5
2672,-54,207,-6
2712,-69,209,2
2676,-56,216,-2
2696,-67,225,2
2680,-68,222,2
2672,-70,223,3
2684,-66,223,6
2688,-67,223,5
2672,-64,232,8
2696,-60,227,6
2684,-55,228,13
2724,-56,234,18
2732,-42,225,15
2728,-37,231,13
2724,-38,234,15
2732,-18,228,16
2736,-18,233,20
2736,-16,232,19
2732,-10,233,18
2724,-9,231,18
2680,-4,227,15
2680,-7,230,15
2680,-1,220,18
2688,-4,231,23
2676,-5,221,16
2676,-6,222,15
2680,-13,225,8
2672,-9,221,11
2684,-16,216,4
2676,-14,216,7
2676,-13,210,7
2684,-18,213,10
2736,-15,213,11
2728,-15,215,2
2676,-23,223,2
2676,-18,214,10
2736,-17,213,2
2684,-27,217,7
2676,-29,220,9
2688,-32,219,7
2684,-36,222,10
2728,-35,220,9
2676,-37,223,8
2676,-39,221,12
2728,-38,223,15
2732,-39,223,16
2724,-40,225,12
2732,-31,218,17
2740,-28,217,15
2724,-37,227,16
2728,-26,221,13
2740,-30,224,18
2724,-27,223,15
2744,-25,222,15
2740,-19,224,13
2724,-18,224,15
2736,-15,219,14
2732,-22,223,16
2724,-18,221,13
2740,-22,220,15
2728,-17,228,19
2728,-21,215,9
2684,-19,216,13
2736,-20,212,13
2724,-23,220,9
2696,-24,211,6
2688,-24,212,10
2724,-21,229,19
2732,-31,220,16
2732,-29,227,8
2676,-29,241,12
2732,-35,222,7
2672,-39,226,21
2732,-24,212,18
2736,-21,219,3
2676,-17,218,10
2736,-16,218,9
2680,-20,214,6
2680,-21,231,11
2724,-24,219,7
2676,-25,218,5
2684,-23,212,8
2676,-20,207,14
2720,-25,202,9
2680,-32,199,12
2732,-26,215,10
2720,-19,219,11
2740,-23,218,7
2680,-24,220,18
2732,-16,225,11
2736,-26,219,5
2680,-20,228,12
2724,-11,237,16
2732,-21,230,15
2728,-21,224,17
2728,-13,223,15
2732,-15,221,13
2724,-23,227,11
2732,-19,219,13
2732,-23,217,13
2728,-29,219,13
2732,-28,210,8
2684,-16,201,8
2680,-23,217,17
2740,-25,204,1
2688,-13,214,8
2676,-15,227,24
2740,-17,217,4
2684,-6,211,6
2628,-2,216,4
2632,3,212,1
2628,2,207,3
2628,0,208,5
2620,-1,219,5
2636,-6,218,9
2632,-9,220,9
2632,-13,221,12
2736,-15,221,11
2724,-20,219,13
2732,-22,219,13
2728,-33,229,20
2724,-31,215,15
2740,-31,226,13
2736,-28,223,11
2728,-30,219,9
2684,-26,219,9
2684,-28,219,7
2676,-24,213,3
2684,-22,217,1
2672,-26,218,3
2684,-20,219,3
2692,-22,231,0
2672,-21,233,0
2696,-30,225,3
2676,-36,220,4
2680,-34,223,4
2680,-38,222,5
2672,-44,219,2
2688,-48,220,2
2676,-51,217,7
2672,-49,219,8
2680,-42,220,5
2676,-43,223,3
2688,-40,228,11
2728,-26,225,8
2676,-27,223,2
2680,-20,221,8
2692,-23,230,15
2724,-16,232,4
2684,-15,226,5
2672,-15,222,8
2684,-12,219,6
2684,-7,220,3
2624,-13,217,7
2680,-13,216,4
2680,-11,217,7
2676,-6,219,10
2684,-20,207,4
2672,-15,221,4
2676,-21,220,4
2676,-17,216,7
2676,-16,223,10
2736,-11,226,9
2676,-13,229,7
2692,-12,229,10
2740,-14,231,10
2728,-14,239,15
2732,-29,232,8
2684,-33,228,6
2676,-23,224,12
2724,-19,233,14
2744,-23,243,4
2680,-20,228,14
2728,-19,226,1
2668,-13,221,4
2684,-9,210,4
2624,-13,209,-4
2692,-12,209,0
2676,-12,206,2
2680,-10,204,1
2684,-16,208,-1
2708,-7,201,-1
2632,-7,201,4
2628,2,213,10
2668,22,228,18
2724,0,232,9
2632,-25,243,7
2672,-14,210,5
2676,-13,206,7
2672,-19,213,5
2680,-18,217,9
2684,-10,223,11
2724,-4,221,13
2696,-11,231,14
2736,-9,232,11
2676,-9,237,10
2680,-12,222,19
2736,4,228,9
2628,-9,221,9
2624,-8,230,16
2676,-10,228,14
2728,-12,231,16
2736,-8,222,14
2672,-7,229,15
2676,-12,233,17
2724,-10,233,16
2740,-10,223,17
2728,-14,221,10
2724,-7,219,11
2684,-11,225,8
2684,-11,209,15
2724,-10,210,10
2740,-13,219,7
2680,-10,213,5
2676,-9,211,6
2628,-5,211,9
2628,-3,214,10
2696,-3,213,8
2632,-2,215,8
2620,-2,214,5
2632,-4,221,6
2628,-8,213,11
2680,-5,208,11
2680,-12,221,15
2728,-14,210,9
2680,-9,216,12
2676,-4,215,11
2692,-5,218,9
2616,-3,221,10
2680,-2,223,10
2680,-1,223,14
2680,-4,222,12
2688,-9,229,16
2680,-10,232,13
2728,-10,224,12
2728,-5,226,19
2680,-16,234,16
2736,-3,221,9
2632,-10,226,14
2720,-12,225,13
2740,-14,224,9
2688,-10,223,8
2676,-10,221,11
2740,-12,226,11
2732,-14,228,15
2724,-15,226,16
2748,-17,231,18
2732,-9,239,12
2668,-10,242,16
2732,-9,236,15
2672,-16,236,12
2732,-18,226,12
2724,-16,228,13
2732,-14,224,12
2728,-14,220,13
2736,-7,223,12
2676,-3,220,9
2636,-3,230,12
2680,-2,222,12
2676,0,226,9
2628,-4,218,12
2680,1,217,7
2628,5,211,9
2616,4,220,11
2668,6,219,9
2628,9,214,11
2664,7,216,11
2672,8,213,3
2616,6,203,4
2624,6,197,9
2620,3,199,11
2676,-1,205,4
2632,-4,214,11
2680,3,205,5
2636,9,202,6
2616,-1,219,13
2684,-8,221,10
2680,-8,226,14
2672,0,224,9
2628,-4,220,11
2672,-1,223,11
2684,-1,223,13
2676,-2,224,16
2676,0,227,12
2668,-2,231,10
2676,0,229,16
2668,1,230,16
2680,-5,233,15
2672,-8,233,14
2692,-8,236,22
2676,-14,234,19
2732,-12,236,13
2732,-19,246,11
2728,-12,229,12
2728,-13,228,12
2736,-10,223,12
2732,-11,225,13
2728,-9,225,9
2636,-9,218,8
2620,-2,212,7
2640,-3,219,9
2624,4,213,9
2620,-4,217,11
2680,0,214,4
2612,5,215,11
2672,5,214,12
2664,4,215,4
2636,5,219,16
2668,1,217,12
2672,1,216,13
2676,3,218,10
2664,6,216,15
2676,12,212,20
2724,4,219,14
2668,8,219,9
2632,6,208,7
2620,8,215,11
2680,8,214,20
2672,20,206,12
2720,8,220,11
2676,8,218,17
2660,4,223,11
2672,-3,219,13
2680,0,216,15
2664,1,219,14
2676,0,220,14
2668,-1,222,12
2684,-3,223,10
2676,1,224,14
2672,2,222,14
2664,-5,221,11
2676,-2,233,22
2684,0,219,9
2644,0,222,8
2616,-6,220,9
2636,-7,223,20
2672,0,220,8
2636,-5,223,10
2680,-2,214,7
2624,-2,218,14
2680,0,221,11
2672,-4,223,12
2688,0,222,11
2672,-3,222,9
2616,0,220,11
2672,-5,229,18
2672,-7,222,18
2688,-6,217,19
2684,0,230,17
2660,-5,220,14
2680,0,225,13
2668,-1,221,17
2688,4,225,20
2668,3,221,14
2664,4,219,13
2672,0,222,13
2664,2,215,15
2680,-2,214,16
2680,-3,216,14
2676,-2,212,11
2676,-2,221,17
2676,2,218,11
2664,-1,220,10
2680,4,215,19
2660,-1,223,16
2680,2,222,18
2664,3,222,18
2664,1,221,15
2672,0,220,15
2664,1,218,15
2676,0,216,14
2664,-1,219,17
2680,1,220,15
2680,4,223,17
2672,-1,234,13
2680,4,225,17
2668,1,227,17
2676,-7,241,15
2684,-5,230,20
2680,-2,228,10
2680,-3,224,12
2684,1,223,12
2668,1,220,11
2676,0,223,13
2660,1,227,12
2672,6,225,12
2668,5,227,13
2664,2,221,15
2672,7,223,10
2664,4,222,10
2680,1,220,14
2664,-1,216,11
2676,12,211,15
2720,4,215,13
2672,5,213,13
2676,8,215,14
2672,3,223,10
2664,2,218,6
2632,3,215,11
2668,5,212,11
2672,4,222,10
2672,4,218,16
2664,5,220,13
2676,9,218,15
2668,14,217,10
2720,17,214,12
2724,11,221,15
2720,5,223,20
2672,9,229,18
2668,6,226,15
2660,5,232,17
2672,3,223,14
2668,1,220,18
2668,-1,219,14
2680,2,222,16
2660,6,215,18
2676,-1,224,16
2668,-6,226,19
2684,-1,225,18
2676,-3,223,15
2680,-4,223,8
2628,4,220,13
2664,1,219,13
2672,1,220,12
2668,0,225,6
2624,0,224,5
2628,1,224,8
2616,1,221,10
2676,-5,224,9
2624,-9,230,12
2676,-5,232,6
2640,-15,228,12
2720,-2,231,4
2644,-12,223,5
2676,-3,208,7
2636,-20,229,11
2744,-15,224,7
2676,-12,216,7
2684,-10,217,10
2740,-5,224,12
2676,-5,227,14
2676,-2,231,13
2676,1,229,14
2672,5,224,13
2672,10,225,15
2712,6,230,16
2688,12,215,15
2720,11,226,17
2716,8,218,13
2676,11,222,12
2712,15,217,14
2724,17,213,12
2720,14,219,14
2712,13,216,16
2728,15,221,12
2724,14,221,17
2716,8,224,14
2676,10,230,8
2684,8,227,10
2664,6,215,20
2676,2,223,23
2668,2,226,12
2672,6,216,13
2668,3,217,15
2660,4,214,15
2672,7,212,14
2664,8,216,12
2664,12,216,13
2720,9,225,21
2664,13,222,15
2720,1,228,16
2668,5,231,11
2672,7,217,18
2676,9,215,13
2672,-6,216,12
2688,3,222,7
2624,0,225,11
2664,5,228,13
2672,5,226,7
2616,3,226,8
2636,7,221,10
2664,1,221,12
2672,-1,238,18
2676,-2,221,6
2620,-1,218,7
2632,-5,225,9
2632,8,215,1
2636,1,219,4
2620,-8,225,12
2688,-3,225,12
2692,0,223,14
2664,-3,228,19
2688,3,223,18
2664,3,226,20
2668,4,224,19
2672,6,223,14
2660,5,224,18
2680,4,220,21
2676,7,224,18
2672,3,225,24
2676,6,230,30
2668,8,240,20
2680,13,222,21
2720,3,221,17
2664,0,217,20
2676,1,212,15
2660,2,205,19
2672,5,209,17
2676,8,216,21
2668,11,210,20
2724,12,216,24
2716,17,218,22
2724,21,222,19
2724,21,221,22
2716,18,223,21
2728,18,220,19
2724,14,217,13
2716,12,221,15
2724,8,216,17
2672,7,218,16
2664,5,218,12
2680,6,220,18
2672,3,218,16
2672,3,222,17
2676,5,220,17
2660,1,226,17
2688,0,232,21
2668,-3,224,11
2672,-2,227,11
2684,-9,227,12
2672,-8,223,23
2688,-9,232,22
2680,-10,229,19
2728,-10,235,20
2744,-11,236,18
2728,-12,234,18
2724,-7,227,23
2684,-1,218,21
2676,-3,226,14
2688,8,213,17
2664,-2,215,16
2672,2,208,16
2676,-6,215,25
2684,3,221,21
2668,5,220,16
2672,10,220,16
2712,9,220,19
2676,13,217,24
2720,14,215,18
2720,13,218,24
2732,10,212,16
2724,7,220,15
2672,11,225,15
2724,9,232,17
2664,11,223,17
2728,5,217,14
2676,5,219,17
2664,6,220,16
2676,3,222,19
2672,2,220,18
2664,1,224,19
2672,2,229,19
2660,-2,232,22
2684,-3,237,16
2680,-4,234,13
2672,-5,234,14
2680,-13,236,16
2720,-20,238,20
2740,-10,228,12
2732,-11,230,13
2724,-13,222,16
2740,-10,224,17
2724,-9,224,12
2680,-3,220,13
2680,-2,225,14
2680,0,216,9
2624,-5,215,12
2692,0,231,14
2664,3,230,15
2672,2,215,13
2672,0,210,14
2660,9,211,19
2672,7,211,16
2660,11,211,15
2724,13,208,20
2732,17,214,20
2716,21,215,19
2732,21,215,15
2720,21,207,13
2712,25,202,12
2736,23,213,13
2720,25,206,17
2712,21,208,19
2732,18,219,18
2724,20,215,20
2720,15,224,23
2724,12,224,20
2720,10,227,24
2712,8,229,24
2676,13,227,16
2712,3,226,22
2676,-1,238,21
2688,-5,226,27
2676,-9,224,16
2680,-12,230,16
2736,-9,223,19
2676,-9,230,15
2680,-14,233,14
2724,-16,225,13
2740,-12,227,16
2732,-9,220,17
2680,-15,234,11
2736,-15,216,18
2724,-22,234,19
2728,-11,227,10
2732,-21,225,9
2688,1,216,12
2668,-3,220,9
2632,-4,222,13
2676,-1,217,14
2676,-1,218,16
2688,1,216,12
2660,5,214,15
2680,7,220,17
2664,14,214,16
2720,13,212,18
2720,6,214,21
2664,10,226,25
2716,6,230,20
2672,12,217,20
2712,13,222,15
2736,12,221,20
2720,9,221,19
2664,8,223,18
2676,7,221,19
2660,5,224,15
2680,3,219,22
2664,6,216,16
2668,4,224,12
2672,2,229,14
2660,5,223,17
2672,2,221,17
2668,-3,220,21
2672,0,223,18
2676,2,224,17
2664,0,224,19
2672,1,223,17
2672,-3,228,20
2676,-4,228,19
2676,0,224,15
2664,1,223,16
2672,0,224,25
2684,5,235,24
2664,-5,240,16
2688,-2,220,19
2680,-5,236,16
2676,-5,219,19
2684,-7,222,21
2680,-4,224,19
2684,-4,221,14
2684,0,213,15
2668,-2,220,15
2688,0,220,14
2668,0,212,16
2668,0,218,14
2672,3,218,20
2668,1,222,16
2676,2,220,18
2668,0,223,17
2672,10,215,22
2720,5,218,20
2668,10,219,21
2732,9,213,22
2676,9,217,22
2664,9,214,24
2676,13,211,23
2712,13,217,22
2724,18,213,17
2732,17,225,24
2716,20,224,18
2724,17,230,24
2728,12,222,20
2720,8,218,15
2680,4,228,20
2676,5,221,17
2664,3,219,13
2672,-4,221,16
2672,-8,226,20
2692,-6,220,16
2684,-13,227,16
2728,-3,223,18
2684,-8,231,10
2684,3,216,22
2668,0,230,19
2672,3,230,16
2668,-7,236,18
2688,-5,220,15
2692,-6,217,15
2672,-14,218,18
2724,-7,218,19
2684,-15,221,14
2728,-14,224,16
2732,-13,227,16
2728,-17,226,14
2736,-6,215,16
2688,-6,223,20
2680,-2,229,28
2688,-4,229,15
2688,-1,226,17
2676,0,221,23
2672,1,228,19
2668,4,214,10
2676,11,220,12
2716,11,218,12
2720,15,225,15
2732,16,217,13
2724,12,224,8
2668,23,210,8
2676,20,210,13
2712,14,209,11
2724,11,215,7
2676,12,220,8
2668,11,219,6
2676,8,221,7
2616,12,220,8
2672,11,216,9
2684,5,222,11
2664,3,227,7
2640,1,228,10
2668,2,222,12
2672,1,216,6
2636,2,229,14
2664,-2,224,17
2688,-6,233,13
2672,1,220,13
2672,-2,226,14
2692,0,226,14
2672,2,226,12
2680,0,228,13
2668,4,221,13
2664,4,221,14
2676,1,227,11
2664,5,222,10
2680,0,219,16
2672,8,214,10
2668,5,223,14
2676,10,218,4
2668,8,215,15
2680,11,222,11
2720,8,217,11
2664,8,217,10
2672,8,213,11
2660,8,215,11
2680,6,210,13
2672,5,218,13
2660,4,218,11
2672,5,223,11
2660,4,220,11
2672,9,221,14
2668,1,222,17
2660,0,221,18
2672,2,227,15
2660,0,228,15
2672,-7,224,18
2676,1,220,16
2672,2,219,12
2676,2,221,14
2664,1,220,16
2672,3,222,14
2668,2,223,12
2660,3,223,12
2672,3,234,9
2616,2,226,13
2672,0,224,18
2668,1,216,12
2660,6,218,14
2676,4,216,12
2664,1,219,9
2628,0,226,15
2672,1,218,13
2664,3,223,15
2672,4,221,14
2668,7,223,14
2676,7,226,15
2668,5,232,16
2668,12,229,12
2720,6,240,10
2664,1,231,14
2664,4,224,8
2628,3,220,13
2664,3,231,14
2672,-1,224,15
2676,7,216,16
2664,6,221,12
2672,7,220,12
2664,8,219,12
2676,11,216,12
2720,8,219,14
2676,8,218,13
2684,7,228,14
2672,13,216,12
2736,16,217,14
2732,11,224,15
2712,16,220,13
2728,14,213,9
2676,13,215,7
2676,17,210,8
2676,16,214,9
2672,17,215,5
2680,15,215,8
2676,15,212,5
2668,14,213,6
2680,13,213,5
2668,7,217,9
2632,10,204,4
2672,8,214,8
2620,4,216,14
2672,6,213,13
2664,12,219,12
2732,3,231,15
2664,3,227,15
2664,7,227,14
2684,2,226,16
2664,0,229,15
2672,-1,228,17
2680,2,227,14
2664,2,227,12
2676,3,227,11
2664,4,227,16
2668,0,236,17
2672,0,234,10
2668,5,236,8
2624,-3,233,11
2676,-4,231,12
2684,0,228,14
2672,1,225,10
2672,2,226,8
2632,3,222,10
2668,0,220,13
2676,1,219,10
2664,1,226,11
2660,3,214,11
2676,3,220,16
2668,3,215,14
2676,0,217,17
2672,3,219,15
2664,14,219,14
2724,10,215,12
2720,6,218,14
2672,5,216,16
2676,3,211,16
2664,4,211,16
2680,13,212,12
2724,15,220,16
2716,9,223,15
2676,13,223,21
2712,7,221,20
2672,15,210,16
2724,20,217,20
2712,15,220,20
2728,17,217,21
2724,12,219,22
2716,15,219,20
2728,17,218,20
2728,20,217,19
2720,18,219,20
2732,16,220,24
2724,12,225,23
2716,11,225,16
2728,8,223,20
2676,4,238,16
2664,4,230,13
2664,5,224,12
2660,2,224,10
2680,1,222,12
2668,0,223,10
2660,0,224,11
2672,1,224,11
2668,-3,232,9
2644,0,225,10
2668,-6,231,8
2624,2,228,10
2676,10,213,14
2716,7,227,13
2684,6,226,7
2636,7,214,12
2660,9,217,13
2672,6,223,13
2664,8,219,13
2680,10,220,16
2724,15,218,12
2716,13,216,16
2720,11,223,15
2720,10,220,13
2716,14,224,23
2728,11,213,14
2720,13,221,10
2724,17,210,17
2720,17,208,16
2716,15,215,16
2724,22,212,17
2720,23,216,16
2720,29,212,14
2720,29,215,15
2724,32,204,15
2720,33,213,14
2724,33,202,9
2680,34,216,16
2716,20,220,15
2728,17,216,14
2728,13,216,15
2716,14,212,16
2740,13,216,17
2724,12,221,18
2716,15,216,17
2724,13,222,15
2720,16,218,20
2716,11,224,20
2728,3,230,32
2672,-7,228,25
2680,-5,231,22
2684,-3,234,24
2676,-9,236,21
2688,-4,232,19
2684,-10,233,22
2720,-12,230,20
2732,-12,232,22
2736,-13,235,15
2720,-6,228,21
2684,-6,232,22
2672,-10,236,16
2728,-6,234,17
2692,-12,234,18
2724,-7,230,15
2684,-5,227,15
2680,-4,228,16
2680,-5,225,14
2680,-3,226,17
2672,0,227,15
2676,1,224,14
2676,4,225,14
2668,-2,220,20
2684,-3,226,20
2676,5,223,18
2680,9,221,19
2684,18,217,22
2716,15,221,22
2732,17,222,24
2724,17,218,22
2720,16,222,16
2732,17,215,17
2720,15,221,17
2712,18,210,20
2728,19,211,32
2720,15,212,23
2712,19,213,20
2724,23,216,16
2724,22,217,17
2720,23,217,15
2728,22,217,16
2712,21,221,14
2724,22,211,12
2720,24,217,13
2716,25,218,11
2724,26,210,20
2720,32,214,14
2720,31,210,17
2720,24,209,13
2732,21,212,13
2716,17,211,14
2728,16,215,14
2720,14,218,12
2720,14,217,13
2740,13,213,14
2724,11,224,14
2716,12,207,14
2732,4,220,15
2668,4,228,12
2660,1,236,13
2672,-2,233,17
2672,-1,233,20
2688,0,231,18
2668,-2,233,18
2676,-6,237,20
2680,-4,233,19
2672,-3,236,18
2680,-4,232,20
2680,-5,234,19
2676,-6,230,10
2684,2,230,9
2624,7,229,13
2664,-1,230,14
2680,2,237,12
2664,-9,231,19
2676,-1,227,16
2680,-4,228,16
2680,-1,228,13
2684,0,221,12
2668,0,217,14
2680,-2,225,13
2672,4,228,22
2668,7,228,14
2672,5,228,11
2668,4,225,16
2680,5,214,9
2624,5,217,20
2668,2,217,14
2672,0,210,20
2664,6,208,22
2680,8,213,21
2664,8,214,23
2664,10,220,22
2724,10,222,29
2716,7,220,29
2672,8,223,24
2672,11,221,27
2716,15,222,25
2724,7,234,22
2664,18,232,24
2720,11,228,29
2724,5,227,31
2660,7,223,28
2668,5,228,29
2676,8,223,27
2664,8,219,29
2676,11,216,26
2716,8,216,27
2676,5,227,21
2676,5,217,32
2664,10,226,25
2728,15,217,28
2724,13,231,23
2716,9,217,22
2672,9,214,20
2660,3,220,23
2668,3,221,17
2680,1,219,16
2668,2,218,15
2676,4,219,16
2660,4,216,18
2676,4,217,18
2676,7,217,20
2664,-2,228,18
2692,13,225,28
2728,-1,219,10
2676,-3,221,19
2680,6,222,19
2668,6,218,20
2672,3,220,19
2664,5,224,22
2660,7,224,19
2672,6,222,15
2660,7,221,18
2672,5,221,14
2668,8,220,19
2660,8,224,15
2672,6,227,10
2660,7,226,13
2672,6,218,15
2668,7,228,18
2660,5,227,14
2672,8,219,17
2664,10,219,20
2724,11,220,19
2728,12,222,22
2720,10,215,24
2732,5,231,26
2672,8,222,22
2668,13,216,23
2728,15,221,28
2724,13,214,31
2716,10,218,30
2720,14,216,18
2712,13,216,26
2724,15,212,26
2720,16,215,27
2716,12,220,27
2724,12,216,28
2720,14,219,23
2724,10,221,21
2724,8,219,26
2684,7,226,21
2664,3,227,26
2676,12,227,30
2728,1,227,28
2664,5,223,27
2676,4,224,26
2664,0,223,26
2672,0,224,22
2668,4,225,20
2664,2,218,18
2672,-2,224,14
2672,-2,229,15
2692,-2,220,17
2676,-3,222,21
2680,-7,226,24
2676,-10,234,17
2724,-5,227,19
2684,-1,222,18
2680,-3,224,19
2676,-2,226,20
2696,-3,227,23
2684,-1,222,17
2672,1,223,21
2664,5,221,20
2672,0,221,16
2676,0,227,16
2664,3,221,16
2672,-4,232,24
2676,10,213,21
2724,2,221,20
2672,11,218,26
2732,9,216,25
2672,8,221,28
2684,9,214,28
2676,6,220,29
2660,8,218,29
2672,8,219,32
2664,9,222,31
2684,8,224,35
2668,11,222,24
2716,6,231,27
2680,15,214,34
2716,14,217,31
2716,16,217,29
2720,15,215,28
2716,17,216,26
2724,16,218,23
2736,15,213,22
2716,13,214,22
2728,12,217,26
2724,9,220,23
2660,6,219,28
2680,9,221,26
2664,3,228,18
2672,-3,235,24
2684,-2,229,20
2676,-1,224,27
2696,-2,227,20
2684,-2,225,21
2680,-1,234,18
2676,-1,233,20
2680,-1,232,15
2680,2,227,13
2672,-1,233,14
2676,4,218,20
2672,1,225,10
2660,0,218,12
2676,1,215,13
2668,4,218,13
2660,-1,223,20
2680,1,221,17
2668,1,223,14
2680,4,220,16
2680,2,218,18
2664,4,226,19
2680,3,223,25
2668,5,222,21
2664,9,217,21
2672,5,224,25
2672,18,219,21
2732,8,220,22
2672,16,220,21
2716,14,219,23
2720,13,217,22
2724,15,211,23
2716,18,211,22
2724,14,210,19
2720,16,210,22
2724,19,213,21
2724,22,211,32
2712,24,209,25
2724,16,222,30
2724,16,217,31
2724,28,210,24
2720,8,223,27
2676,9,223,26
2660,6,222,21
2672,6,225,24
2660,5,224,26
2672,3,224,26
2680,2,222,26
2664,3,229,27
2680,3,225,22
2668,1,225,13
2664,-3,232,12
2680,1,227,18
2668,6,222,19
2680,0,228,18
2668,1,225,17
2668,0,224,11
2676,0,222,15
2664,-1,223,20
2692,0,223,16
2672,0,222,19
2668,-1,234,19
2688,4,231,16
2668,16,220,18
2728,10,220,21
2724,7,219,20
2660,10,216,15
2728,11,223,13
2724,9,223,13
2660,9,217,19
2672,12,222,15
2712,13,220,18
2724,16,216,19
2720,8,216,16
2664,6,215,20
2676,10,225,17
2724,20,218,21
2712,18,215,23
2728,19,222,21
2724,11,230,19
2716,7,229,26
2680,8,226,25
2664,7,223,24
2672,7,222,24
2668,6,223,23
2660,9,218,23
2672,6,219,22
2660,10,221,24
2724,7,213,21
2676,7,223,25
2664,6,222,18
2684,6,227,16
2664,14,212,22
2720,6,219,23
2668,10,220,20
2716,8,220,18
2672,11,217,19
2724,6,221,21
2672,10,224,20
2728,11,219,21
2720,12,219,22
2716,13,223,19
2724,6,225,21
2664,17,223,29
2724,9,226,27
2668,2,226,21
2660,6,225,21
2688,2,226,20
2676,5,225,18
2664,6,223,21
2676,8,221,22
2664,5,225,20
2676,7,229,20
2672,0,220,17
2664,7,231,17
2676,3,222,16
2668,10,215,18
2728,8,218,21
2672,13,220,14
2716,9,214,20
2680,11,218,18
2720,10,216,16
2716,8,221,18
2668,9,220,18
2660,12,215,21
2724,8,223,21
2684,7,220,25
2672,10,227,21
2732,6,229,17
2680,8,227,19
2664,6,224,20
2672,9,216,23
2668,9,221,19
2676,11,219,21
2724,8,220,20
2668,12,220,21
2724,12,222,23
2720,16,220,22
2724,14,214,22
2728,16,219,17
2720,9,217,22
2672,15,218,21
2724,5,226,18
2664,10,220,23
2728,4,226,24
2672,3,226,23
2664,4,221,23
2676,7,224,22
2664,7,229,25
2672,4,228,23
2668,10,229,24
2712,7,227,28
2676,6,222,21
2672,5,227,19
2676,6,220,12
2676,4,223,28
2668,3,226,20
2680,2,224,17
2668,3,217,18
2672,4,218,18
2676,5,223,17
2660,5,221,17
2680,1,223,16
2680,3,221,18
2660,4,218,16
2672,8,218,16
2664,10,217,17
2732,7,224,11
2672,9,222,18
2660,12,218,18
2716,3,228,20
2664,8,221,17
2672,10,214,19
2720,8,220,19
2672,9,218,21
2676,7,220,21
2676,8,222,23
2664,8,218,22
2672,8,221,25
2660,10,220,20
2732,10,229,17
2724,9,224,25
2664,7,225,20
2672,7,223,21
2664,15,217,26
2724,9,229,21
2672,11,220,23
2712,13,219,22
2728,9,221,24
2676,8,217,23
2664,8,214,24
2676,6,220,23
2664,7,216,24
2672,3,227,24
2668,10,215,27
2716,8,223,24
2680,3,226,19
2664,1,223,29
2668,2,223,23
2680,1,223,22
2664,4,219,21
2680,2,220,21
2660,3,224,25
2676,3,223,22
2672,5,224,24
2660,7,221,21
2680,11,217,23
2720,3,222,22
2664,13,219,23
2724,15,213,22
2716,7,223,23
2672,6,219,26
2680,7,223,22
2672,7,213,22
2680,9,219,22
2668,11,221,24
2720,12,226,24
2720,13,222,21
2712,9,211,18
2672,8,213,21
2680,6,224,20
2664,2,223,25
2680,8,219,32
2664,13,216,24
2724,8,218,24
2672,9,220,24
2664,9,221,20
2680,10,220,19
2724,13,220,18
2712,14,223,21
2728,18,220,17
2724,16,216,15
2716,18,216,20
2724,19,211,12
2712,14,227,17
2724,19,219,16
2728,9,217,17
2672,10,215,20
2724,10,218,20
2724,8,222,20
2672,13,222,18
2728,11,220,19
2724,7,221,21
2664,4,224,24
2672,10,220,19
2716,13,220,25
2724,-1,229,22
2680,11,224,20
2720,8,221,23
2664,9,221,23
2672,8,222,22
2668,8,222,26
2676,8,220,26
2668,10,223,26
2728,6,227,27
2668,11,216,25
2716,17,214,25
2728,12,216,24
2724,20,221,25
2716,7,217,24
2676,4,222,21
2672,8,220,25
2664,12,217,24
2724,13,218,23
2716,6,232,28
2672,8,213,24
2672,8,219,23
2668,3,225,26
2676,0,225,24
2668,0,223,30
2668,-2,225,30
2688,5,212,19
2668,7,226,23
2680,3,223,26
2664,1,220,21
2672,2,221,26
2676,4,221,23
2660,1,222,23
2680,4,222,24
2668,4,221,24
2672,7,220,23
2676,3,217,22
2664,5,219,26
2676,-1,236,26
2684,4,222,27
2660,4,224,23
2672,5,221,23
2664,4,213,28
2680,2,225,23
2676,3,222,23
2664,2,223,26
2672,4,219,26
2660,7,221,26
2676,8,221,28
2672,5,223,26
2660,2,228,24
2672,7,227,21
2672,8,227,29
2676,4,226,20
2676,6,228,20
2664,5,225,22
2676,11,228,22
2716,11,226,26
2720,12,220,24
2720,12,223,24
2720,11,223,26
2724,13,226,26
2732,9,233,23
2664,5,225,26
2676,6,224,21
2672,3,227,24
2668,9,212,26
2672,4,219,21
2664,3,219,19
2688,4,225,20
2668,10,216,19
2720,9,219,20
2676,10,218,19
2712,10,220,22
2720,9,219,19
2668,6,223,18
2660,11,214,20
2728,8,220,23
2668,12,216,23
2716,6,220,22
2676,4,225,24
2672,5,219,16
2668,4,216,26
2672,13,217,22
2716,10,221,19
2724,10,220,24
2724,12,221,20
2716,11,226,20
2720,13,220,20
2728,15,218,23
2720,14,214,23
2720,8,233,18
2668,12,219,20
2724,7,225,20
2672,7,222,23
2660,12,218,20
2732,10,220,22
2724,6,220,23
2668,7,225,21
2676,6,224,23
2668,2,224,23
2664,2,223,21
2672,5,221,23
2668,3,215,25
2672,8,221,33
2664,6,232,24
2672,6,232,21
2672,7,216,28
2668,6,219,24
2672,6,217,24
2664,4,219,23
2668,3,221,23
2676,6,221,21
2660,5,217,26
2672,4,220,28
2664,5,217,27
2672,4,221,25
2680,7,221,22
2672,3,222,28
2676,9,218,28
2660,7,223,30
2672,3,222,20
2676,7,222,22
2664,3,225,26
2680,5,221,23
2668,6,219,22
2668,6,222,23
2676,7,221,24
2664,6,221,24
2684,10,222,21
2716,8,221,21
2672,9,223,25
2676,3,228,31
2660,5,224,16
2672,5,223,23
2672,7,220,22
2660,6,222,18
2676,6,222,25
2664,7,224,20
2668,3,224,17
2672,4,218,20
2664,6,220,25
2676,8,218,23
2664,10,223,20
2724,7,221,21
2680,9,220,18
2664,14,219,16
2720,4,227,22
2676,8,237,24
2668,9,224,19
2672,13,227,17
2712,12,224,17
2728,11,225,16
2720,6,223,18
2664,5,225,19
2688,9,222,15
2672,4,219,15
2668,6,222,18
2676,12,216,19
2712,11,222,16
2728,15,212,20
2724,14,224,20
2716,12,219,19
2728,16,216,19
2728,13,219,18
2720,13,222,17
2732,8,219,19
2672,4,225,19
2668,9,223,20
2680,7,224,19
2668,8,216,22
2672,6,221,26
2668,7,221,20
2660,6,223,18
2672,10,218,18
2712,9,217,15
2668,6,220,17
2672,6,222,17
2664,11,222,18
2724,10,225,19
2724,11,225,17
2716,10,219,18
2724,6,227,16
2664,8,217,21
2672,5,232,14
2680,1,218,21
2664,-1,222,18
2688,1,222,19
2660,-2,226,25
2684,0,224,24
2664,1,223,24
2664,2,220,22
2676,2,218,22
2660,0,222,23
2676,3,220,25
2676,2,223,25
2664,0,222,21
2680,6,219,21
2684,7,221,26
2672,7,219,28
2676,4,225,24
2668,7,228,19
2672,7,222,24
2668,5,228,23
2664,9,224,24
2672,7,221,26
2660,9,220,23
2672,8,224,25
2672,5,224,26
2672,3,224,26
2676,3,228,26
2672,6,219,20
2684,3,221,27
2672,5,215,18
2660,8,216,21
2672,13,214,23
2716,10,222,23
2724,11,221,21
2720,10,221,22
2716,11,218,23
2724,8,215,25
2668,11,213,19
2716,10,214,21
2740,17,221,14
2720,4,230,19
2660,4,229,18
2672,7,230,18
2664,11,226,20
2720,7,226,17
2684,7,220,21
2660,7,226,22
2680,3,222,22
2664,2,228,23
2672,3,222,22
2676,5,223,22
2660,6,229,18
2680,7,223,19
2668,3,232,21
2672,5,227,16
2672,9,232,17
2672,4,223,19
2680,9,222,24
2672,8,215,17
2664,4,223,18
2676,8,217,16
2664,9,218,17
2676,9,220,20
2668,8,221,20
2664,10,219,20
2728,9,218,22
2664,8,222,30
2672,7,225,25
2672,9,218,28
2664,12,228,23
2724,10,217,17
2724,14,216,23
2720,8,218,26
2672,9,218,26
2664,10,217,25
2724,11,219,28
2724,14,221,23
2716,15,219,21
2736,14,216,26
2720,12,217,27
2712,17,215,22
2736,12,215,18
2716,6,222,26
2672,7,222,22
2672,4,228,24
2660,5,222,22
2672,2,223,25
2668,3,220,24
2660,2,218,25
2672,4,219,25
2664,1,217,22
2672,0,226,24
2668,3,217,21
2668,-1,227,26
2688,-12,232,28
2724,3,221,12
2680,6,218,28
2672,1,224,27
2664,2,221,19
2680,1,222,21
2676,0,222,24
2660,1,225,19
2672,3,219,20
2660,4,220,19
2680,1,224,19
2676,11,219,20
2716,6,223,22
2676,6,215,24
2660,8,216,20
2676,5,217,13
2668,8,216,15
2660,13,216,17
2724,13,221,20
2724,10,219,22
2724,10,222,23
2720,13,218,21
2716,11,216,24
2724,12,211,22
2724,12,225,21
2720,11,218,26
2720,6,224,23
2668,14,222,21
2712,8,218,24
2684,4,222,21
2664,4,223,22
2664,6,221,23
2672,5,220,23
2660,5,221,22
2672,8,221,24
2672,2,228,22
2664,5,228,18
2676,6,226,21
2668,1,235,26
2676,9,219,17
2672,2,222,23
2664,1,222,19
2676,9,210,25
2664,6,223,21
2676,7,223,19
2668,10,223,18
2716,5,225,21
2676,2,223,20
2668,8,218,21
2668,7,216,21
2680,13,222,23
2712,14,215,20
2736,10,226,15
2720,11,222,19
2712,13,212,25
2736,14,216,21
2720,9,220,21
2668,7,219,20
2676,10,225,19
2716,11,220,20
2720,14,226,19
2720,10,224,19
2716,7,220,21
2672,7,215,16
2672,3,231,25
2664,7,225,21
2664,10,214,16
2720,10,224,7
2680,7,223,12
2680,4,224,15
2664,2,221,16
2684,4,222,18
2664,4,225,17
2664,4,224,20
2676,9,225,21
2664,3,226,21
2684,7,229,23
2668,1,228,22
2672,8,225,23
2676,8,216,20
2664,13,223,24
2732,7,224,22
2672,7,221,25
2660,8,220,23
2676,7,224,22
2664,8,221,22
2668,9,220,20
2672,8,223,22
2664,5,220,23
2676,9,224,20
2672,12,216,24
2724,9,223,23
2680,7,225,18
2664,9,224,20
2680,3,223,17
2668,5,218,21
2668,6,224,18
2672,7,224,19
2664,7,223,20
2680,6,222,22
2668,10,223,17
2720,9,219,18
2672,6,219,23
2668,7,215,22
2680,2,230,22
2672,3,219,18
2672,7,216,20
2676,6,219,25
2664,5,226,18
2672,6,225,22
2668,2,224,22
2660,5,227,21
2672,3,226,21
2664,3,223,22
2672,4,223,21
2668,6,219,20
2660,5,220,27
2672,3,220,26
2664,5,232,26
2668,6,226,22
2676,12,228,27
2720,11,215,19
2720,7,219,21
2672,11,217,18
2720,10,220,20
2720,10,220,21
2716,7,220,22
2664,12,219,24
2732,11,219,21
2716,13,219,21
2728,16,216,22
2724,9,224,12
2664,10,220,25
2732,5,231,18
2680,6,234,14
2664,6,228,18
2672,6,227,17
2664,3,220,18
2684,5,219,15
2664,4,221,18
2664,6,230,18
2672,5,220,18
2668,10,220,20
2732,7,223,21
2676,9,223,18
2664,16,217,18
2724,11,216,16
2728,9,218,21
2668,10,220,17
2724,13,221,19
2720,13,218,17
2720,11,219,21
2720,10,225,24
2716,7,224,19
2672,8,217,21
2672,9,222,24
2664,8,219,23
2664,10,220,14
2712,2,222,21
2680,8,224,23
2668,10,221,19
2720,7,217,19
2684,8,217,20
2676,9,216,18
2664,9,218,22
2672,9,220,22
2664,9,217,23
2676,4,223,27
2672,6,225,21
2664,5,232,17
2672,4,230,20
2664,6,226,16
2676,4,228,22
2672,3,219,22
2664,2,222,28
2676,-3,223,26
2668,1,222,24
2676,3,223,23
2672,4,225,23
2664,4,227,21
2676,7,225,21
2664,6,224,22
2672,5,228,21
2668,4,224,26
2660,0,224,23
2672,3,225,27
2668,5,217,22
2668,3,223,26
2672,8,220,25
2672,11,217,23
2720,7,216,24
2664,6,218,23
2672,5,219,23
2676,8,219,23
2664,8,216,23
2680,4,224,26
2668,8,221,30
2672,7,220,33
2664,10,223,30
2716,8,224,36
2684,10,218,27
2720,8,211,25
2668,3,224,23
2676,4,222,23
2672,5,219,22
2672,7,219,22
2668,5,222,20
2668,4,221,21
2672,7,224,20
2672,8,223,23
2664,6,233,20
2672,3,234,18
2664,3,230,17
2668,6,223,22
2660,3,226,14
2672,3,233,18
2664,9,223,22
2668,0,224,20
2672,6,222,17
2660,9,220,19
2672,7,222,19
2672,8,223,17
2664,11,225,18
2720,14,222,20
2724,16,217,17
2716,11,217,18
2728,12,210,20
