0,6,222,29
2663,8,223,33
2663,7,221,27
2719,9,215,31
2675,7,216,28
2675,6,223,31
2671,5,224,33
2659,8,227,29
2675,2,228,27
2671,7,217,29
2671,4,220,32
2675,3,223,31
2667,6,226,26
2663,5,218,33
2671,9,222,30
2679,9,222,31
2663,12,214,26
2663,16,216,33
2667,9,222,33
2671,10,223,31
2671,7,221,28
2679,11,215,38
2675,13,216,28
2719,10,219,30
2663,9,219,32
2663,9,220,38
2667,7,224,35
2671,6,221,29
2667,7,222,29
2663,6,218,31
2711,14,217,28
2663,8,219,31
2663,8,220,34
2679,12,216,29
2719,4,229,32
2731,11,215,35
2671,10,220,31
2659,6,222,30
2663,6,227,31
2671,1,221,37
2675,11,219,30
2667,5,221,30
2663,6,224,27
2663,-1,228,35
2663,4,225,28
2691,1,221,30
2675,7,221,29
2683,2,226,27
2667,-4,230,34
2663,6,216,27
2671,6,220,28
2671,9,219,29
2671,12,225,31
2727,10,225,27
2659,11,218,33
2711,18,219,32
2719,14,217,36
2659,7,231,32
2671,2,226,31
2671,3,225,31
2683,5,222,30
2663,3,223,31
2667,-1,221,20
2667,3,221,26
2679,2,220,27
2671,8,223,30
2723,5,225,22
2663,9,217,22
2663,3,217,26
2671,6,221,29
2671,6,225,28
2671,6,216,31
2671,-4,231,33
2671,11,218,32
2715,17,213,27
2671,13,220,39
2663,0,222,34
2675,1,228,37
2671,5,228,31
2715,7,218,30
2663,15,219,32
2663,9,217,32
2727,9,219,33
2671,4,225,32
2675,6,213,27
2667,7,216,30
2663,7,222,30
2671,7,223,30
2723,15,214,34
2679,13,217,35
2671,4,218,32
2675,5,215,32
2671,3,222,32
2679,-7,238,32
2679,-4,224,36
2691,0,224,27
2675,1,228,29
2667,5,224,27
2719,3,227,23
2659,6,220,29
2671,-1,227,32
2679,0,226,31
2687,-3,228,30
2667,1,227,27
2679,5,225,27
2667,5,221,28
2671,6,220,30
2671,8,223,30
2663,6,232,27
2667,0,229,30
2671,2,215,26
2671,7,216,17
2679,-1,231,24
2671,4,228,26
2663,11,217,22
2719,13,224,21
2659,7,220,23
2719,16,217,26
2715,9,215,29
2679,1,219,31
2671,5,226,34
2663,16,218,28
2663,8,219,28
2663,4,224,27
2679,8,217,28
2663,6,228,33
2683,-2,225,32
2663,1,223,29
2663,6,216,30
2671,4,226,29
2675,6,229,40
2671,4,217,36
2663,2,222,38
2663,1,224,35
2679,-2,222,39
2683,2,220,31
2683,-4,224,29
2679,-8,226,33
2679,0,216,26
2659,-3,226,27
2679,-2,227,26
2679,2,225,29
2671,3,230,29
2723,17,226,27
2671,10,222,26
2715,14,215,21
2723,12,215,26
2659,10,228,25
2679,-2,229,39
2683,3,226,29
2671,3,220,25
2675,6,214,30
2659,10,222,25
2663,3,225,23
2667,2,227,28
2683,0,226,26
2687,-7,224,27
2687,6,225,36
2663,4,219,24
2659,6,222,25
2723,11,219,30
2687,8,223,26
2671,15,218,31
2671,13,218,29
2667,9,213,30
2663,5,226,32
2671,6,229,30
2691,2,225,30
2675,0,225,26
2663,3,222,31
2663,5,218,28
2667,4,221,29
2675,5,222,30
2675,2,221,26
2671,-5,231,28
2663,5,224,32
2671,6,215,28
2663,2,222,26
2675,3,219,29
2675,5,219,32
2663,2,231,24
2667,3,222,27
2663,3,225,28
2675,3,223,28
2671,0,234,33
2679,2,222,26
2659,7,222,27
2663,7,223,26
2675,10,217,24
2675,8,216,27
2683,4,228,24
2667,7,223,25
2663,7,219,28
2663,6,221,26
2675,0,225,24
2675,9,219,28
2671,2,215,25
2667,1,224,24
2663,-2,230,23
2671,5,222,29
2671,6,221,26
2675,3,217,28
2667,0,229,29
2667,9,221,32
2687,5,218,31
2683,2,218,28
2675,3,222,31
2663,5,221,29
2663,2,223,31
2663,5,221,34
2679,6,221,30
2675,3,225,25
2671,5,219,29
2659,5,220,32
2663,4,222,28
2671,1,223,29
2675,-1,225,28
2663,2,220,28
2711,4,220,27
2663,6,222,24
2671,6,217,28
2679,5,220,24
2719,11,221,27
2671,7,222,34
2659,7,226,29
2663,9,221,29
2719,6,219,29
2723,7,212,30
2671,7,221,29
2679,4,222,28
2671,-2,230,29
2663,4,216,26
2659,-2,227,29
2671,1,226,26
2671,1,221,33
2671,7,225,33
2667,4,226,34
2663,7,219,30
2675,3,222,28
2671,8,217,28
2671,16,219,25
2667,7,217,38
2671,2,221,31
2663,3,219,32
2679,-1,228,33
2663,5,222,26
2671,4,216,32
2663,4,224,29
2659,4,224,28
2667,-1,231,29
2675,0,227,27
2663,3,222,27
2659,4,222,27
2659,1,226,28
2671,-3,225,27
2675,10,221,25
2675,8,219,27
2659,6,218,28
2671,4,220,30
2679,2,223,31
2687,1,226,27
2671,3,220,26
2671,4,220,27
2663,9,219,27
2663,3,223,28
2675,4,223,32
2671,6,228,29
2663,3,220,32
2663,7,222,30
2659,9,214,29
2671,0,224,29
2683,4,222,29
2671,5,222,28
2667,0,232,30
2659,5,223,23
2667,2,221,26
2675,4,222,26
2667,3,216,29
2663,-1,230,30
2659,6,215,26
2671,6,221,25
2679,4,220,28
2671,10,214,31
2719,7,217,26
2663,6,219,27
2663,3,218,28
2671,6,220,28
2663,7,220,31
2663,-2,226,27
2663,0,222,31
2671,-2,224,28
2679,-3,223,28
2679,-1,224,28
2667,2,220,23
2667,5,219,25
2663,6,221,27
2659,7,220,32
2683,6,225,31
2675,9,219,29
2671,1,220,34
2663,3,222,29
2675,2,224,33
2671,-3,224,29
2671,-1,224,28
2671,6,218,26
2659,3,223,28
2671,3,223,33
2727,6,221,28
2679,4,222,25
2671,1,223,25
2671,4,214,29
2663,4,225,27
2667,8,222,28
2671,4,221,30
2671,0,218,26
2671,11,236,28
2675,-11,231,38
2671,2,226,29
2659,5,223,32
2671,2,219,34
2679,3,224,27
2671,1,229,33
2663,7,217,29
2663,7,219,28
2671,4,218,33
2683,5,224,23
2679,1,219,33
2675,1,226,28
2659,2,223,30
2663,0,223,26
2667,2,227,27
2667,3,221,30
2679,1,231,31
2671,1,229,31
2659,-1,225,32
2719,-5,231,27
2675,1,226,26
2675,4,228,26
2671,11,211,27
2719,20,210,22
2727,15,218,27
2671,12,221,32
2671,6,227,47
2671,-2,237,38
2679,-12,233,47
2739,-13,224,46
2739,-17,235,43
2687,0,220,39
2675,5,211,39
2723,11,206,43
2727,18,197,47
2659,7,202,51
2715,10,210,55
2663,7,211,56
2687,-4,216,63
2687,-5,228,63
2731,13,253,84
2775,87,447,175
2735,-58,263,163
2791,-42,282,141
2771,28,263,139
2767,54,258,121
2763,41,236,148
2767,33,238,135
2771,21,223,143
2779,5,236,150
2727,1,232,149
2719,1,229,146
2727,0,239,144
2723,8,222,138
2719,4,221,139
2735,-2,214,133
2783,-22,212,136
2783,-17,213,137
2783,-15,213,142
2787,-12,211,138
2779,-21,211,131
2775,-27,207,129
2775,-56,248,94
2719,24,159,129
2723,30,118,122
2719,4,216,72
2659,9,176,84
2671,1,187,92
2679,10,188,81
2675,16,185,79
2723,27,201,69
2719,30,210,60
2719,10,222,58
2723,25,218,47
2719,25,235,29
2719,21,244,29
2719,17,245,15
2623,-4,234,5
2747,-4,194,-16
2687,14,183,-28
2747,36,186,-32
2743,65,185,-30
2739,53,202,-28
2743,29,215,-21
2695,-2,227,-11
2763,-12,268,-8
2751,-10,264,-13
2703,-4,249,-18
2687,-10,218,-33
2747,-26,188,-39
2743,0,163,-49
2739,22,160,-54
2743,33,157,-40
2739,41,183,-29
2743,45,210,-16
2687,30,227,-10
2691,15,245,-10
2691,1,239,-20
2683,0,225,-29
2687,8,200,-45
2739,16,192,-49
2739,31,191,-43
2739,25,216,-42
2731,26,226,-36
2739,16,229,-42
2695,-5,223,-49
2743,-8,221,-59
2695,-3,214,-62
2695,3,217,-56
2707,-13,244,-56
2755,-22,237,-54
2747,6,222,-45
2743,16,203,-41
2743,22,204,-44
2739,17,217,-37
2747,10,235,-31
2707,4,250,-22
2699,-1,245,-12
2703,3,254,-14
2695,11,245,-9
2691,5,242,-11
2635,-6,234,-5
2747,-21,223,-13
2739,-18,213,-14
2739,-5,219,-11
2699,7,220,-3
2647,2,233,1
2631,3,244,4
2627,16,251,11
2711,25,247,20
2715,19,256,22
2711,14,257,22
2675,4,257,28
2679,-1,259,22
2679,-4,238,21
2723,-13,224,15
2675,1,225,16
2671,-3,238,14
2675,2,235,20
2723,25,236,27
2723,26,252,30
2727,28,258,40
2735,38,251,31
2735,55,243,31
2723,60,240,27
2723,72,243,28
2727,80,257,37
2723,66,261,41
2727,69,257,42
2731,66,265,43
2719,86,273,36
2723,88,274,41
2719,95,272,41
2719,106,265,43
2783,112,227,49
2779,137,207,50
2779,161,196,38
2787,140,179,25
2783,119,158,28
2715,96,173,15
2715,77,194,30
2719,75,206,36
2715,63,221,46
2719,58,196,44
2719,54,196,31
2723,49,197,28
2731,47,200,30
2723,45,209,32
2735,47,208,34
2727,46,201,26
2719,44,201,22
2719,50,202,30
2719,62,203,22
2723,54,193,31
2723,73,189,35
2727,78,194,35
2723,82,187,33
2719,65,216,36
2727,39,235,49
2723,10,246,41
2723,-11,230,30
2727,-19,233,21
2723,-8,217,15
2671,11,214,9
2675,11,200,20
2739,17,203,23
2735,23,225,30
2727,16,233,39
2667,7,235,41
2675,0,229,26
2675,-7,230,22
2671,-8,223,25
2727,-3,227,18
2723,-8,238,24
2679,-7,233,25
2687,9,226,23
2719,50,217,33
2727,90,237,39
2719,85,212,39
2731,84,208,36
2723,71,220,29
2715,26,234,30
2671,-15,244,39
2727,-31,252,36
2727,-39,245,26
2719,-47,213,27
2719,-20,214,30
2719,-21,219,29
2727,-31,215,29
2719,-32,208,38
2723,-39,208,33
2723,-51,212,35
2723,-30,196,29
2723,-65,225,25
2719,-78,228,21
2731,-80,239,24
2731,-78,246,30
2727,-66,241,38
2727,-52,255,41
2719,-36,244,36
2727,-16,218,28
2723,-29,214,25
2727,-38,227,27
2723,-55,223,20
2723,-51,215,22
2727,-46,198,23
2731,-41,209,23
2723,-14,213,31
2723,-13,221,34
2675,4,218,38
2727,41,222,52
2731,63,235,54
2727,67,245,59
2719,59,248,54
2719,39,242,47
2719,27,230,45
2723,34,235,41
2727,54,203,29
2719,56,208,38
2723,41,217,38
2727,35,201,38
2719,17,218,37
2719,4,221,31
2671,0,215,28
2675,-1,210,20
2683,1,215,19
2683,3,219,23
2671,3,217,26
2659,12,207,27
2719,14,212,29
2719,34,207,31
2715,37,215,40
2715,37,215,37
2711,31,222,38
2715,21,239,39
2719,14,239,43
2719,16,239,42
2723,15,244,37
2735,20,238,42
2727,39,243,45
2731,36,251,44
2719,41,245,43
2723,43,239,39
2731,47,241,28
2727,39,222,33
2719,36,230,30
2719,42,236,22
2723,52,220,30
2723,60,237,24
2723,60,242,21
2723,60,245,14
2715,62,254,6
2675,51,253,4
2663,53,267,4
2679,56,259,-7
2747,49,252,-11
2755,60,255,-20
2755,53,261,-24
2747,46,267,-29
2743,42,265,-40
2743,34,245,-41
2739,37,228,-52
2739,50,215,-60
2743,54,196,-60
2743,53,193,-66
2735,39,220,-61
2735,16,233,-61
2739,19,214,-67
2735,22,196,-73
2735,15,186,-75
2731,35,184,-80
2739,49,189,-77
2731,49,185,-72
2735,56,193,-62
2739,51,195,-56
2735,47,198,-53
2739,53,185,-59
2735,53,187,-52
2731,52,206,-42
2731,62,202,-36
2739,63,196,-37
2739,65,185,-27
2731,79,175,-22
2739,83,158,-17
2735,67,179,-6
2671,50,212,3
2667,25,225,8
2675,5,226,14
2727,17,221,17
2719,29,215,26
2719,46,201,28
2719,68,197,33
2727,87,204,45
2719,95,222,49
2723,88,232,49
2723,68,226,58
2727,61,245,52
2731,60,246,45
2711,46,223,40
2715,20,238,37
2675,-4,230,40
2723,-13,206,44
2663,16,179,46
2723,37,148,55
2719,45,143,63
2723,52,148,69
2731,32,187,78
2735,37,251,85
2719,30,286,93
2779,20,316,110
2675,0,319,97
2687,-1,308,86
2679,-1,283,83
2723,-25,262,68
2719,-27,223,53
2727,-27,205,50
2723,-33,195,39
2719,-28,179,24
2719,-7,199,31
2675,-7,224,34
2679,-15,221,36
2671,4,215,43
2735,28,225,49
2727,54,227,64
2727,63,227,62
2727,54,217,63
2727,46,217,66
2727,39,221,66
2731,34,247,68
2715,31,240,65
2723,33,234,62
2723,31,245,57
2723,27,234,51
2723,23,231,50
2715,33,229,50
2719,33,239,63
2715,33,235,62
2711,22,240,67
2715,22,227,66
2715,27,240,63
2719,18,240,69
2715,14,245,71
2715,14,281,77
2663,4,310,86
2675,0,257,74
2679,-4,220,63
2679,-4,235,50
2731,-7,237,43
2715,19,222,35
2715,31,223,29
2715,42,231,26
2715,46,226,15
2715,45,218,14
2715,39,216,11
2679,33,223,8
2691,23,221,11
2719,17,217,9
2687,17,219,8
2675,11,213,9
2623,7,215,7
2683,14,208,5
2683,14,202,2
2679,12,200,-1
2615,12,199,3
2623,-1,218,10
2627,-5,230,17
2683,-5,240,17
2731,-5,241,24
2723,-4,241,20
2727,-11,236,15
2727,-12,236,15
2723,-10,246,16
2663,-13,244,15
2679,-9,247,19
2731,-28,262,22
2731,-40,250,19
2723,-51,258,19
2739,-52,226,13
2679,-46,221,7
2723,-44,219,10
2679,-40,225,5
2683,-36,223,8
2727,-53,233,14
2671,-56,223,11
2719,-56,220,12
2675,-61,224,3
2679,-72,226,6
2687,-71,228,-2
2679,-76,224,-5
2679,-75,222,-2
2687,-68,229,-5
2687,-62,238,1
2671,-75,246,-4
2691,-70,237,-6
2699,-76,243,-5
2755,-89,241,-10
2751,-97,237,-4
2679,-93,256,-2
2695,-94,256,6
2683,-96,243,1
2679,-93,257,-3
2675,-71,259,9
2723,-73,253,11
2671,-89,206,-7
2751,-66,190,-14
2743,-59,191,-17
2747,-70,189,-7
2691,-117,196,-1
2735,-135,217,4
2735,-144,223,11
2783,-136,214,28
2791,-114,243,27
2787,-105,233,37
2739,-93,198,35
2731,-88,177,0
2755,-19,134,-20
2739,25,149,-10
2679,56,161,11
2719,14,187,19
2679,-14,219,36
2743,-43,251,51
2735,-50,270,62
2719,-27,262,48
2719,-25,257,44
2675,22,210,27
2663,91,183,-3
2735,66,107,-30
2683,76,100,-27
2739,84,171,-14
2691,52,238,17
2723,31,246,27
2723,15,246,30
2679,11,237,15
2671,3,245,9
2695,21,201,-27
2739,100,132,-54
2803,152,132,-61
2799,166,173,-45
2803,132,241,-14
2727,103,302,14
2715,52,343,39
2715,45,332,47
2723,75,340,36
2719,71,278,10
2683,68,239,-1
2739,108,213,-17
2811,136,215,-24
2747,112,225,-1
2671,81,250,12
2719,64,278,17
2723,15,273,28
2675,12,268,23
2727,37,246,14
2727,49,229,9
2695,48,206,-7
2743,54,190,-10
2691,81,215,-8
2731,56,253,2
2723,20,268,25
2671,3,276,28
2687,-4,259,28
2695,-4,252,15
2719,10,241,11
2727,21,230,17
2679,29,234,7
2675,20,214,11
2675,12,225,10
2627,-14,241,5
2687,-32,241,4
2723,-54,257,21
2679,-53,223,4
2679,-49,215,6
2675,-37,211,0
2671,-39,215,5
2675,-27,209,-2
2683,-17,205,1
2679,-28,205,3
2679,-24,212,1
2695,-31,217,3
2675,-36,225,5
2695,-45,209,1
2691,-46,207,-4
2695,-50,202,-11
2711,-68,210,3
2679,-67,223,3
2687,-66,224,6
2683,-54,229,14
2727,-36,232,14
2735,-17,234,21
2723,-8,232,19
2679,0,221,19
2675,-5,223,16
2683,-15,217,5
2683,-17,214,11
2675,-22,224,3
2683,-26,218,8
2683,-35,223,11
2675,-38,222,13
2723,-39,226,13
2723,-36,228,17
2723,-26,224,16
2723,-17,225,16
2723,-17,222,14
2727,-20,216,10
2723,-22,221,10
2723,-20,230,20
2675,-28,242,13
2731,-23,213,19
2735,-15,219,10
2723,-23,220,8
2675,-19,208,15
2731,-25,216,11
2679,-23,221,19
2679,-19,229,13
2727,-20,225,18
2723,-22,228,12
2727,-28,220,14
2679,-22,218,18
2675,-14,228,25
2627,-1,217,5
2627,1,209,6
2631,-8,221,10
2723,-19,220,14
2723,-30,216,16
2727,-29,220,10
2675,-23,214,4
2683,-19,220,4
2695,-29,226,4
2679,-37,223,6
2675,-50,218,8
2675,-42,224,4
2675,-26,224,3
2723,-15,233,5
2683,-11,220,7
2679,-12,217,5
2683,-19,208,5
2675,-16,217,8
2675,-12,230,8
2727,-13,240,16
2675,-22,225,13
2679,-19,229,15
2683,-8,211,5
2675,-11,207,3
2707,-6,202,0
2667,23,229,19
2671,-13,211,6
2679,-17,218,10
2695,-10,232,15
2679,-11,223,20
2623,-7,231,17
2735,-7,223,15
2723,-9,234,17
2723,-6,220,12
2723,-9,211,11
2675,-8,212,7
2695,-2,214,9
2631,-3,222,7
2679,-11,222,16
2675,-3,216,12
2679,-1,224,11
2687,-8,230,17
2727,-4,227,20
2631,-9,227,15
2687,-9,224,9
2731,-13,229,16
2731,-8,240,13
2671,-15,237,13
2731,-13,225,13
2675,-2,221,10
2675,1,227,10
2627,6,212,10
2627,10,215,12
2615,7,204,5
2675,0,206,5
2635,10,203,7
2679,-7,227,15
2671,0,224,12
2675,1,228,13
2667,2,231,17
2691,-7,237,23
2731,-18,247,12
2735,-9,224,13
2635,-8,219,9
2623,5,214,10
2611,6,216,12
2635,6,220,17
2675,4,219,11
2723,5,220,15
2619,9,216,12
2719,9,221,12
2671,-2,220,14
2675,1,221,15
2675,2,225,15
2675,-1,234,23
2615,-5,221,10
2635,-4,224,11
2679,1,222,12
2671,-2,223,10
2671,-6,223,19
2659,-4,221,15
2687,5,226,21
2671,1,223,14
2679,-2,217,15
2675,3,219,12
2659,0,224,17
2663,2,222,16
2675,1,217,15
2679,5,224,18
2667,2,228,18
2679,-1,229,11
2667,2,221,12
2671,7,226,13
2671,8,224,11
2663,0,217,12
2671,6,214,14
2663,3,219,7
2671,5,223,11
2675,10,219,16
2723,12,222,16
2667,7,227,16
2667,2,221,19
2659,7,216,19
2683,0,226,19
2627,5,221,14
2667,1,226,7
2615,2,222,11
2675,-4,233,7
2643,-11,224,6
2743,-14,225,8
2739,-4,225,13
2675,2,230,15
2711,7,231,17
2715,9,219,14
2723,18,214,13
2727,16,222,13
2675,11,231,9
2675,3,224,24
2667,4,218,16
2663,9,217,13
2663,14,223,16
2671,8,218,19
2687,4,223,8
2671,6,227,8
2663,2,222,13
2619,0,219,8
2635,2,220,5
2691,1,224,15
2663,4,227,21
2659,6,225,19
2671,4,226,25
2679,14,223,22
2675,2,213,16
2675,9,217,22
2715,18,219,23
2715,19,224,22
2715,13,222,16
2663,6,219,13
2671,4,223,18
2687,1,233,22
2683,-8,228,13
2679,-9,230,20
2727,-11,235,19
2675,-2,227,15
2671,3,209,17
2667,6,221,17
2675,14,218,25
2731,11,213,17
2723,10,233,18
2675,6,220,18
2671,3,221,19
2659,-1,233,23
2671,-4,235,15
2739,-9,229,13
2739,-9,225,18
2679,-1,226,15
2691,1,232,15
2671,1,211,15
2659,12,212,16
2715,22,216,20
2711,26,203,13
2711,22,209,20
2719,16,225,24
2711,9,230,25
2675,0,239,22
2679,-11,231,17
2679,-13,234,15
2731,-8,221,18
2723,-21,235,20
2687,2,217,13
2675,0,218,15
2659,6,215,16
2719,14,213,19
2715,7,231,21
2735,13,222,21
2675,8,222,20
2663,7,217,17
2659,6,224,18
2671,1,224,19
2671,2,224,18
2675,1,225,16
2683,6,236,25
2679,-4,237,17
2679,-3,225,20
2667,-1,221,16
2667,1,219,15
2675,3,221,19
2719,6,219,21
2675,10,218,23
2711,14,218,23
2715,21,225,19
2719,9,219,16
2663,4,220,14
2691,-5,221,17
2683,-7,232,11
2671,4,231,17
2691,-5,218,16
2683,-14,222,15
2727,-16,227,15
2679,-1,230,29
2675,1,222,24
2675,12,221,13
2731,17,218,14
2675,21,211,14
2675,13,221,9
2615,13,221,9
2663,4,228,8
2671,2,217,7
2687,-5,234,14
2691,1,227,15
2667,5,222,14
2663,6,223,11
2667,6,224,15
2679,12,223,12
2671,9,214,12
2671,6,219,14
2659,5,221,12
2659,1,222,19
2671,-6,225,19
2675,3,222,15
2667,3,224,13
2615,3,227,14
2659,7,219,15
2627,1,227,16
2671,5,222,15
2667,6,233,17
2663,2,232,15
2663,4,232,15
2663,7,222,13
2675,12,217,13
2683,8,229,15
2731,12,225,16
2675,14,216,8
2671,18,216,6
2667,15,214,7
2631,11,205,5
2671,7,214,14
2663,4,228,16
2663,1,230,16
2663,3,228,13
2667,1,237,18
2623,-2,234,12
2671,2,226,11
2667,1,221,14
2659,4,215,12
2675,1,218,18
2723,11,216,13
2675,4,212,17
2723,16,221,17
2711,8,222,21
2711,16,221,21
2715,16,220,21
2719,19,220,21
2715,12,226,17
2663,5,231,14
2679,2,223,13
2671,2,225,12
2667,-5,232,9
2715,8,228,14
2659,10,218,14
2679,11,221,17
2719,12,224,16
2727,12,214,15
2719,18,209,17
2719,24,217,17
2723,33,205,16
2679,35,217,17
2727,14,217,16
2723,13,222,19
2719,17,219,21
2671,-6,229,26
2675,-8,237,22
2719,-11,231,21
2719,-5,229,22
2727,-5,235,18
2683,-4,228,16
2679,-2,227,18
2675,5,226,15
2675,6,224,19
2715,16,222,23
2719,17,223,17
2711,19,211,21
2711,20,214,21
2719,24,218,16
2723,23,212,13
2723,27,211,21
2719,25,210,14
2727,17,216,15
2739,14,214,15
2731,5,221,16
2671,-1,234,18
2667,-1,234,19
2671,-2,237,19
2675,-5,231,11
2663,0,231,15
2675,0,228,17
2683,1,222,13
2671,5,229,23
2667,5,226,17
2667,3,218,15
2679,9,214,22
2723,11,223,30
2671,12,222,28
2663,19,233,25
2659,8,224,29
2663,9,220,30
2675,6,228,22
2727,16,218,29
2671,10,215,21
2679,2,220,17
2659,5,217,19
2663,-1,229,19
2675,-2,222,20
2671,4,221,20
2671,7,223,16
2667,9,221,20
2659,8,227,14
2659,6,228,15
2723,12,221,20
2731,6,232,27
2727,16,222,29
2719,15,217,19
2719,17,216,28
2719,15,220,24
2683,8,227,22
2727,2,228,29
2663,1,224,27
2663,3,219,19
2691,-1,221,18
2675,-9,235,18
2679,-2,225,20
2683,0,223,18
2671,1,222,17
2671,-3,233,25
2671,12,219,27
2683,10,215,29
2671,9,220,33
2667,12,223,25
2715,15,218,32
2715,18,217,27
2715,14,215,23
2659,7,220,29
2671,-2,236,25
2695,-1,228,21
2675,0,234,21
2671,0,234,15
2659,1,219,13
2659,0,224,21
2679,5,221,17
2679,4,224,26
2671,6,225,26
2671,17,221,22
2723,16,212,24
2719,17,211,23
2711,25,210,26
2723,29,211,25
2659,7,223,22
2671,4,225,27
2679,4,226,23
2679,2,228,19
2667,2,226,18
2663,0,224,21
2667,0,235,20
2727,11,221,22
2727,12,224,14
2671,13,223,16
2719,9,217,17
2723,21,219,22
2723,12,231,20
2663,8,224,25
2659,10,219,24
2723,8,214,22
2683,7,228,17
2667,11,221,21
2723,7,222,22
2719,13,220,23
2663,18,224,30
2659,7,226,22
2663,7,224,22
2675,8,230,21
2675,4,223,17
2671,14,221,15
2719,11,217,17
2659,13,216,22
2671,11,228,22
2663,7,225,21
2675,12,220,22
2723,13,223,24
2727,17,220,18
2723,6,227,19
2671,4,227,24
2663,8,230,26
2711,8,228,29
2675,7,221,13
2679,3,225,18
2675,6,224,18
2679,4,222,19
2663,11,218,18
2659,13,219,19
2671,11,215,20
2675,8,221,22
2671,9,222,26
2723,10,225,26
2663,16,218,27
2711,14,220,23
2663,9,215,25
2671,4,228,25
2679,4,227,20
2679,2,224,23
2659,4,225,26
2659,8,222,22
2663,14,220,24
2671,7,220,27
2679,10,220,23
2719,14,223,22
2679,7,225,21
2663,14,217,25
2663,10,222,21
2711,15,224,22
2715,19,217,21
2723,20,220,17
2723,11,219,21
2727,12,221,20
2671,11,221,20
2679,12,225,21
2671,9,223,23
2667,11,224,27
2715,18,215,26
2715,8,218,25
2663,13,218,25
2671,9,214,25
2675,1,226,25
2687,6,213,20
2663,2,221,22
2659,2,223,24
2671,8,221,24
2675,0,237,27
2671,6,222,24
2675,4,223,24
2659,8,222,27
2659,3,229,25
2675,5,227,21
2675,12,229,23
2719,13,224,25
2731,10,234,24
2671,4,228,25
2663,4,220,20
2719,10,220,21
2719,10,220,20
2727,9,221,24
2675,5,226,25
2671,14,218,23
2723,13,222,21
2727,16,219,24
2667,13,220,21
2659,13,219,21
2667,8,226,22
2663,3,224,22
2671,9,222,34
2671,8,217,29
2663,5,220,24
2659,6,218,27
2671,5,222,26
2675,10,219,29
2675,8,223,23
2667,7,220,23
2663,7,222,25
2671,10,224,26
2671,6,224,24
2675,7,223,26
2671,5,219,21
2663,11,224,21
2663,15,220,17
2667,10,225,20
2727,12,226,17
2687,10,223,16
2675,13,217,20
2723,15,225,21
2727,14,220,19
2671,5,226,20
2667,9,217,23
2659,7,224,19
2667,7,221,18
2723,11,226,20
2723,7,228,17
2679,2,219,22
2659,-1,227,26
2663,3,221,23
2675,4,221,26
2679,7,220,22
2675,5,226,25
2667,6,229,24
2659,10,221,24
2671,4,225,27
2683,4,222,28
2671,14,215,24
2719,11,222,23
2667,12,214,20
2719,5,231,20
2663,12,227,21
2659,8,227,23
2671,4,223,23
2679,8,224,20
2671,10,233,18
2671,9,216,18
2663,10,219,18
2663,11,220,21
2671,8,226,26
2723,11,218,18
2671,10,219,27
2723,15,222,24
2719,13,218,28
2715,7,223,27
2659,6,223,23
2659,3,219,26
2671,1,227,25
2687,-11,233,29
2671,2,225,28
2675,1,223,25
2659,5,221,20
2715,7,224,23
2675,6,218,14
2723,14,222,21
2719,14,219,22
2723,13,226,22
2667,15,223,22
2663,5,224,23
2659,6,222,23
2663,6,229,19
2675,10,220,18
2675,10,211,26
2667,11,224,19
2667,9,219,22
2711,15,216,21
2711,14,213,26
2667,8,220,21
2719,15,227,20
2671,8,216,17
2663,11,215,17
2679,5,225,16
2663,5,226,18
2663,4,227,22
2671,9,226,24
2731,8,225,23
2675,8,225,23
2671,9,224,23
2671,13,217,25
2663,10,225,21
2667,7,225,19
2679,7,223,23
2671,7,220,24
2671,4,220,19
2663,6,227,19
2659,6,228,22
2671,5,224,22
2671,4,221,27
2675,13,229,28
2671,12,218,19
2715,8,221,23
2715,14,220,22
2663,11,221,26
2663,7,229,19
2683,6,220,16
2671,6,221,19
2675,10,224,19
2727,10,219,22
2719,14,219,18
2715,8,225,20
2663,9,220,24
2679,9,225,24
2683,9,218,21
2671,10,221,23
2671,7,226,22
2663,7,227,17
2663,3,223,29
2675,4,224,24
2675,8,226,22
2667,5,225,27
2667,6,218,23
2671,12,218,24
2671,6,220,24
2679,5,225,27
2663,11,224,31
2719,9,212,26
2671,6,220,23
2667,5,222,22
2663,7,234,21
2667,7,224,23
2663,10,224,23
2659,10,221,20
2663,12,226,19
2715,12,218,19
