0,225,32,9
2669,228,34,6
2669,224,34,11
2673,226,34,9
2661,223,32,13
2661,223,34,6
2669,223,35,7
2661,229,34,9
2669,224,34,11
2677,225,34,12
2677,229,32,12
2673,228,34,9
2669,224,31,10
2665,223,33,9
2661,226,31,12
2661,223,41,12
2665,225,34,12
2657,222,34,8
2709,220,31,17
2665,226,34,12
2717,220,38,12
2729,218,38,14
2665,225,34,13
2669,228,41,9
2673,222,33,14
2677,230,28,8
2689,233,35,5
2689,224,33,4
2673,231,31,3
2681,215,34,8
2669,223,31,9
2665,223,31,10
2661,221,36,11
2709,222,35,21
2669,225,42,10
2669,225,34,6
2681,225,33,8
2685,231,31,4
2669,226,31,7
2669,226,33,11
2681,222,34,10
2673,226,30,8
2669,228,31,9
2673,234,38,3
2717,224,33,15
2669,223,42,16
2673,232,42,1
2661,232,33,9
2661,222,35,18
2657,219,33,14
2661,224,36,8
2665,219,33,10
2661,225,34,12
2717,220,34,14
2669,221,35,7
2669,225,36,3
2673,229,37,3
2689,227,30,3
2673,225,33,8
2669,221,28,9
2669,230,35,2
2673,232,34,0
2669,224,35,4
2665,224,31,8
2661,228,29,10
2665,233,32,7
2669,218,29,5
2665,229,37,3
2661,229,28,9
2717,227,24,16
2665,206,32,22
2677,214,30,11
2669,229,37,8
2669,226,32,11
2673,231,30,8
2661,231,36,9
2677,226,34,4
2673,222,33,6
2673,232,43,9
2677,227,37,5
2673,216,39,11
2681,223,34,5
2677,229,33,-1
2677,222,31,4
2677,230,29,1
2657,223,31,9
2713,221,34,15
2713,218,24,17
2665,224,26,9
2677,237,32,8
2669,223,28,6
2669,227,22,6
2669,224,30,4
2681,229,29,3
2681,230,38,3
2677,227,30,7
2721,222,33,14
2665,222,30,11
2713,223,32,13
2661,229,35,8
2661,229,35,2
2673,226,32,4
2661,221,31,8
2661,225,32,10
2661,222,32,5
2661,227,35,8
2665,223,31,6
2661,230,30,8
2661,234,27,5
2665,224,32,6
2657,224,30,3
2677,225,29,5
2661,225,31,9
2669,218,31,15
2681,231,27,7
2673,223,30,10
2669,223,23,12
2673,222,31,12
2673,226,27,8
2681,238,39,-2
2669,224,29,9
2677,221,33,4
2673,225,30,10
2681,221,31,5
2681,227,31,7
2677,223,36,9
2677,224,33,9
2677,224,33,4
2673,224,35,2
2669,226,32,4
2681,235,31,9
2669,228,29,9
2669,220,31,9
2669,215,31,20
2661,225,34,9
2661,224,32,12
2709,225,33,18
2661,224,35,10
2669,233,32,1
2669,226,25,7
2665,227,33,4
2669,228,36,10
2669,224,30,6
2665,219,31,10
2669,222,28,19
2681,224,34,6
2669,225,38,6
2661,225,29,8
2661,224,32,6
2673,224,30,11
2673,230,30,3
2669,225,32,6
2669,229,33,6
2673,224,28,13
2673,221,30,10
2677,219,29,10
2685,229,30,4
2673,225,31,6
2673,221,33,9
2673,226,35,7
2673,225,33,8
2673,218,41,13
2669,227,32,3
2661,226,31,9
2677,234,30,4
2665,224,29,5
2661,226,32,8
2673,230,33,6
2669,224,28,9
2665,223,39,11
2661,224,27,7
2661,221,31,6
2661,221,37,5
2673,220,34,6
2669,227,31,1
2677,223,29,4
2657,222,27,6
2661,224,30,9
2661,224,38,5
2661,219,33,8
2661,225,32,6
2661,225,35,8
2669,228,31,8
2657,226,31,6
2657,218,28,15
2661,224,29,7
2669,217,32,7
2713,221,30,4
2665,221,28,7
2669,239,31,14
2729,226,32,2
2669,222,34,5
2677,227,30,6
2673,221,31,8
2677,222,28,10
2681,227,26,8
2685,227,31,4
2669,227,32,3
2665,230,30,5
2669,225,36,5
2669,237,37,3
2717,234,30,-2
2665,231,29,10
2713,212,29,15
2725,221,30,18
2721,227,41,10
2677,239,50,4
2737,227,49,-10
2717,232,46,-3
2661,215,44,8
2725,200,50,21
2669,207,59,15
2669,219,62,6
2685,231,66,-2
2833,348,122,65
2773,221,182,-48
2769,266,142,31
2769,246,140,47
2773,233,143,32
2777,239,153,8
2721,231,154,5
2721,217,151,19
2717,224,142,7
2789,222,140,-8
2777,213,136,-9
2785,214,141,-9
2777,202,133,-19
2729,237,101,-40
2721,121,125,33
2681,193,78,5
2673,197,89,8
2673,188,82,19
2721,210,66,32
2661,220,59,14
2717,238,32,28
2717,252,21,21
2637,217,-2,-9
2685,186,-25,17
2733,180,-26,63
2737,212,-23,47
2693,230,-8,1
2693,274,-9,-7
2693,238,-23,-1
2745,191,-36,-23
2685,168,-48,16
2733,168,-33,40
2741,213,-13,48
2689,245,-3,23
2681,240,-19,6
2685,203,-42,11
2741,195,-41,30
2737,232,-40,17
2737,232,-39,19
2745,223,-49,-6
2697,216,-56,-2
2705,247,-53,-10
2745,232,-38,-13
2749,209,-41,21
2737,220,-34,20
2685,247,-22,3
2689,256,-13,5
2693,248,-6,14
2685,233,-3,-1
2753,220,-10,-22
2737,222,-8,-2
2625,236,3,1
2613,251,10,11
2709,250,23,28
2721,260,21,21
2677,260,29,10
2677,241,24,-1
2741,225,21,-2
2685,233,18,3
2721,239,30,28
2713,261,36,31
2717,251,35,49
2721,243,30,63
2717,256,36,92
2717,262,47,68
2729,268,46,69
2725,279,43,92
2713,277,54,95
2781,230,52,115
2773,188,44,163
2781,169,29,135
2713,176,18,99
2721,209,40,79
2717,218,39,70
2717,199,34,57
2713,211,34,46
2721,213,37,46
2725,204,29,49
2713,204,32,47
2713,210,28,51
2721,192,38,76
2729,189,37,92
2713,223,42,60
2721,249,44,13
2737,241,25,-20
2677,217,19,1
2673,203,23,14
2713,220,33,26
2717,239,40,18
2673,232,29,3
2677,229,24,-4
2677,233,22,-12
2677,236,28,-4
2713,225,38,31
2709,224,34,89
2729,211,39,87
2729,220,37,58
2733,248,43,-18
2725,248,29,-36
2729,215,34,-28
2737,217,32,-16
2717,211,41,-29
2737,207,37,-42
2741,206,31,-36
2717,231,24,-75
2721,252,34,-78
2737,246,40,-55
2717,247,39,-33
2729,221,25,-21
2737,222,26,-47
2721,218,25,-48
2733,214,28,-47
2725,219,35,-9
2673,221,41,7
2713,234,60,59
2721,255,58,64
2717,245,50,42
2725,216,38,37
2713,205,36,58
2721,220,41,44
2717,215,39,21
2665,221,33,6
2673,213,23,2
2673,221,26,1
2661,213,30,5
2717,215,32,17
2721,213,37,46
2729,222,38,29
2713,242,42,24
2661,244,50,18
2717,242,43,22
2725,246,48,42
2709,252,45,46
2717,237,44,48
2725,225,36,42
2725,240,25,40
2713,237,31,55
2721,245,24,63
2721,252,18,65
2677,256,7,57
2677,262,-4,59
2725,257,-14,57
2733,272,-22,50
2741,268,-37,45
2741,227,-47,44
2737,209,-56,49
2741,196,-63,56
2729,235,-59,25
2737,212,-68,22
2733,189,-72,18
2737,187,-70,50
2737,197,-62,58
2737,198,-53,54
2733,195,-51,52
2745,197,-40,55
2729,205,-33,65
2737,186,-30,66
2737,164,-24,99
2733,182,-3,70
2721,225,11,49
2669,230,17,10
2717,218,29,32
2717,200,32,67
2709,208,49,96
2721,235,52,91
2725,242,58,63
2709,244,47,58
2713,241,40,23
2729,224,49,-14
2721,176,55,27
2717,146,66,48
2713,175,78,31
2713,268,92,39
2777,319,113,23
2681,311,97,3
2677,293,91,-17
2717,226,56,-24
2729,210,48,-39
2725,187,27,-18
2673,227,37,-4
2721,223,45,6
2713,230,57,41
2725,230,65,66
2721,220,68,49
2713,225,79,46
2713,243,68,34
2729,246,59,40
2717,235,55,32
2713,232,53,36
2717,238,70,37
2721,246,67,20
2713,243,66,30
2717,246,71,19
2725,300,80,13
2673,260,77,3
2677,239,60,-5
2677,236,42,9
2713,226,32,34
2717,237,21,48
2733,222,13,47
2677,226,11,36
2665,222,14,24
2669,220,8,18
2621,218,10,10
2669,209,5,14
2689,201,4,12
2621,221,13,2
2685,242,18,-1
2677,250,29,-2
2725,239,18,-8
2725,243,19,-11
2729,250,20,-2
2729,265,25,-25
2725,254,25,-53
2737,224,17,-46
2721,222,13,-41
2689,222,8,-35
2733,233,7,-52
2717,223,15,-53
2669,231,7,-64
2705,232,4,-68
2677,225,1,-72
2753,241,1,-58
2701,251,1,-68
2697,246,-2,-73
2749,240,-9,-94
2693,256,6,-90
2681,246,4,-93
2673,263,11,-83
2737,246,6,-80
2749,193,-11,-63
2745,194,-8,-62
2761,220,14,-131
2733,226,14,-141
2789,230,32,-123
2777,229,41,-98
2729,180,3,-85
2693,149,-10,14
2713,174,22,50
2677,222,39,-11
2729,266,59,-46
2733,265,49,-17
2673,213,30,25
2737,134,-25,76
2685,124,-23,83
2689,241,20,55
2713,249,28,21
2721,251,27,22
2693,204,-24,24
2805,135,-61,144
2801,197,-29,160
2725,305,17,106
2721,342,47,49
2717,333,24,75
2681,242,2,71
2793,207,-24,138
2749,233,7,102
2717,281,20,67
2665,280,28,13
2717,248,12,43
2693,209,-4,51
2697,205,-1,73
2673,247,12,48
2669,279,31,6
2669,248,27,3
2661,248,16,19
2677,237,10,32
2721,223,9,19
2673,240,6,-18
2721,260,24,-51
2681,218,11,-53
2701,209,5,-32
2673,212,1,-24
2689,207,4,-25
2677,220,10,-21
2673,228,8,-33
2701,205,3,-45
2753,215,9,-40
2677,226,6,-64
2693,231,10,-56
2721,238,19,-34
2721,235,22,-5
2673,225,20,-1
2673,220,11,-10
2673,227,6,-19
2685,223,11,-28
2725,227,19,-34
2721,231,20,-33
2737,228,17,-15
2737,224,19,-18
2721,224,13,-19
2729,231,12,-25
2733,223,7,-17
2721,223,11,-20
2677,203,16,-28
2729,229,15,-12
2725,228,21,-17
2729,221,17,-19
2737,208,5,-21
2625,220,8,2
2633,222,13,-2
2729,223,17,-18
2725,223,13,-26
2669,222,7,-22
2673,224,8,-32
2673,221,11,-47
2725,229,12,-22
2681,230,9,-11
2677,220,8,-9
2673,224,8,-17
2689,233,14,-8
2673,228,16,-19
2665,225,8,-9
2677,208,5,-6
2665,232,22,26
2669,217,9,-15
2733,236,15,-5
2621,234,20,-4
2673,237,21,-8
2681,229,12,-7
2673,215,10,-5
2617,218,9,2
2725,214,13,-10
2677,227,14,2
2725,228,16,-6
2717,229,17,-8
2729,232,19,-10
2729,240,19,-5
2725,224,17,-10
2673,230,13,4
2665,223,13,10
2621,201,13,10
2633,206,10,13
2625,224,15,0
2665,235,14,2
2689,240,26,-4
2725,232,16,-9
2617,216,11,2
2609,219,15,9
2669,220,17,5
2665,223,13,12
2717,224,15,12
2661,223,18,5
2669,226,18,6
2613,224,13,-2
2621,222,18,2
2613,224,15,4
2657,224,18,-1
2661,223,17,8
2673,216,15,2
2657,227,20,3
2661,222,19,5
2669,238,17,3
2677,232,14,2
2657,231,16,5
2661,226,14,8
2669,217,17,9
2665,216,15,9
2665,221,14,18
2665,230,19,10
2677,226,20,6
2673,227,19,1
2665,229,10,4
2621,234,16,-5
2673,212,11,1
2737,228,16,-1
2669,229,19,14
2673,226,16,15
2725,225,16,19
2661,219,24,10
2657,218,19,8
2661,226,19,17
2669,220,16,-2
2613,230,12,7
2617,222,11,3
2685,229,16,1
2665,228,23,8
2669,229,28,7
2661,221,24,4
2665,214,24,15
2713,227,25,22
2669,222,20,11
2673,224,21,9
2681,231,16,-5
2741,240,22,-7
2685,217,21,12
2665,224,20,9
2717,222,28,17
2661,227,21,15
2669,224,22,6
2677,238,17,0
2729,234,17,-7
2677,229,18,2
2669,219,17,6
2721,212,24,17
2709,206,16,29
2721,219,24,24
2673,231,20,17
2677,234,20,-8
2737,231,20,-8
2725,231,14,-7
2673,221,18,3
2661,218,20,18
2669,221,24,16
2673,225,23,11
2669,233,18,6
2673,228,21,6
2673,228,19,4
2685,224,23,2
2681,225,18,0
2665,222,18,4
2669,219,26,14
2661,218,28,13
2713,228,22,24
2673,225,21,9
2681,231,20,-9
2669,234,20,7
2721,222,23,-3
2733,219,20,-2
2673,225,27,4
2717,229,19,19
2709,213,15,18
2613,224,12,16
2665,226,16,6
2669,224,17,5
2665,225,17,8
2669,218,14,12
2717,221,15,12
2669,222,17,9
2665,226,21,5
2673,224,20,5
2665,227,16,6
2665,220,16,5
2669,222,17,5
2665,236,20,9
2625,224,17,7
2669,224,16,11
2681,232,18,11
2725,217,13,18
2677,219,12,19
2629,208,8,14
2729,235,19,7
2669,232,21,3
2665,240,21,4
2681,232,18,4
2673,223,14,5
2673,221,21,4
2669,220,20,9
2713,227,19,13
2709,224,24,19
2725,221,23,24
2725,227,24,12
2677,226,16,5
2641,229,14,4
2681,230,11,10
2677,224,20,14
2713,228,27,18
2713,219,20,19
2721,208,19,36
2725,220,18,21
2713,220,21,19
2669,232,29,-3
2681,237,26,-6
2681,236,26,-2
2681,231,19,-1
2673,228,18,5
2677,225,23,13
2717,226,20,20
2717,216,27,19
2725,221,20,26
2721,214,24,30
2713,215,18,21
2721,228,18,15
2669,237,21,2
2677,237,23,0
2681,234,13,6
2673,231,20,3
2677,229,17,2
2677,218,13,9
2677,217,25,12
2669,227,28,12
2717,232,33,15
2661,223,33,12
2661,230,29,14
2657,224,27,7
2657,220,22,8
2725,223,14,3
2661,228,26,9
2665,224,23,12
2665,232,22,11
2725,226,26,16
2725,225,32,19
2721,216,30,19
2721,225,25,14
2725,231,32,5
2665,229,24,8
2673,226,25,1
2677,228,23,1
2661,225,24,9
2673,217,25,14
2681,218,32,13
2681,228,39,12
2713,221,33,20
2713,218,26,17
2661,232,22,7
2681,229,25,2
2669,237,18,3
2665,222,17,8
2677,222,22,6
2669,228,29,9
2717,221,26,17
2721,217,25,23
2721,214,28,32
2657,228,30,9
2665,229,17,5
2665,229,21,5
2669,226,23,4
2721,223,24,11
2669,226,19,16
2673,229,21,14
2713,233,30,11
2657,222,27,13
2661,226,22,10
2713,224,22,12
2717,223,26,16
2665,230,25,6
2673,225,26,12
2673,226,20,7
2677,222,22,15
2721,227,25,12
2661,228,24,10
2665,224,25,16
2717,221,26,13
2669,230,27,7
2665,233,28,14
2673,227,32,8
2673,227,21,9
2669,222,20,12
2713,232,24,7
2673,224,25,11
2729,233,21,14
2721,233,25,13
2661,218,28,12
2713,227,28,12
2661,223,25,8
2657,225,25,11
2713,227,27,11
2665,225,28,15
2677,228,24,10
2669,224,28,13
2725,224,21,22
2721,223,20,23
2669,226,22,17
2713,224,29,17
2669,226,26,12
2665,220,29,15
2673,226,25,8
2669,217,28,12
2665,229,34,2
2669,225,30,6
2669,224,27,11
2657,228,27,8
2661,227,30,6
2657,232,28,6
2661,229,26,9
2717,227,30,15
2669,231,28,7
2665,220,23,14
2665,227,22,10
2673,229,28,8
2721,224,28,14
2717,218,27,18
2657,222,24,16
2665,228,27,6
2661,236,28,10
2661,223,27,8
2661,221,31,9
2657,227,34,11
2665,223,26,10
2713,225,25,12
2669,224,26,11
2669,222,24,8
2677,224,22,13
2669,231,21,17
2685,226,19,13
2725,216,24,19
2717,226,21,17
2665,220,26,12
2709,221,19,13
2721,229,21,15
2677,222,25,5
2661,227,28,5
2673,227,29,6
2673,229,28,8
2669,225,30,11
2673,232,30,7
2669,218,27,17
2721,219,29,12
2657,233,22,8
2657,230,26,11
2657,233,22,10
2669,227,23,8
2661,222,21,13
2661,226,34,12
2721,220,27,18
2721,225,27,18
2733,219,22,16
2669,227,29,6
2669,230,28,4
2677,222,32,10
2657,229,23,5
2713,227,26,10
2657,220,21,17
2713,220,28,15
2665,226,25,18
2669,224,27,9
2673,230,25,10
2673,214,29,13
2673,227,24,6
2733,230,19,14
2665,223,24,11
2713,224,25,11
2717,228,11,14
2661,229,21,8
2665,232,26,5
2669,225,29,11
2669,227,26,12
2677,229,22,11
2669,228,23,11
2669,223,27,10
2673,223,29,10
2669,230,25,7
2669,224,30,7
2717,223,25,11
2661,223,28,16
2661,224,29,14
2661,224,22,7
2665,224,24,14
2725,222,25,13
2717,229,28,14
2661,224,18,14
2681,221,24,12
2673,227,31,8
2673,232,26,8
2673,227,27,7
2669,232,25,9
2665,227,30,7
2669,223,27,9
2669,224,37,11
2665,228,27,7
2665,225,25,8
2661,234,21,7
2665,228,24,4
2661,229,22,15
