0,227,34,11
2659,228,38,13
2659,226,32,12
2715,220,36,14
2671,221,33,12
2671,228,36,11
2667,229,38,10
2655,232,34,13
2671,233,32,7
2667,222,34,12
2667,225,37,9
2671,228,36,8
2663,231,31,11
2659,223,38,10
2667,227,35,14
2675,227,36,14
2659,219,31,17
2659,221,38,21
2663,227,38,14
2667,228,36,15
2667,226,33,12
2675,220,43,16
2671,221,33,18
2715,224,35,15
2659,224,37,14
2659,225,43,14
2663,229,40,12
2667,226,34,11
2663,227,34,12
2659,223,36,11
2707,222,33,19
2659,224,36,13
2659,225,39,13
2675,221,34,17
2715,234,37,9
2727,220,40,16
2667,225,36,15
2655,227,35,11
2659,232,36,11
2667,226,42,6
2671,224,35,16
2663,226,35,10
2659,229,32,11
2659,233,40,4
2659,230,33,9
2687,226,35,6
2671,226,34,12
2679,231,32,7
2663,235,39,1
2659,221,32,11
2667,225,33,11
2667,224,34,14
2667,230,36,17
2723,230,32,15
2655,223,38,16
2707,224,37,23
2715,222,41,19
2655,236,37,12
2667,231,36,7
2667,230,36,8
2679,227,35,10
2659,228,36,8
2663,226,25,4
2663,226,31,8
2675,225,32,7
2667,228,35,13
2719,230,27,10
2659,222,27,14
2659,222,31,8
2667,226,34,11
2667,230,33,11
2667,221,36,11
2667,236,38,1
2667,223,37,16
2711,218,32,22
2667,225,44,18
2659,227,39,5
2671,233,42,6
2667,233,36,10
2711,223,35,12
2659,224,37,20
2659,222,37,14
2723,224,38,14
2667,230,37,9
2671,218,32,11
2663,221,35,12
2659,227,35,12
2667,228,35,12
2719,219,39,20
2675,222,40,18
2667,223,37,9
2671,220,37,10
2667,227,37,8
2675,243,37,-2
2675,229,41,1
2687,229,32,5
2671,233,34,6
2663,229,32,10
2715,232,28,8
2655,225,34,11
2667,232,37,4
2675,231,36,5
2683,233,35,2
2663,232,32,6
2675,230,32,10
2663,226,33,10
2667,225,35,11
2667,228,35,13
2659,237,32,11
2663,234,35,5
2667,220,31,7
2667,221,22,12
2675,236,29,4
2667,233,31,9
2659,222,27,16
2715,229,26,18
2655,225,28,12
2715,222,31,21
2711,220,34,14
2675,224,36,6
2667,231,39,10
2659,223,33,21
2659,224,33,13
2659,229,32,9
2675,222,33,13
2659,233,38,11
2679,230,37,3
2659,228,34,6
2659,221,35,11
2667,231,34,9
2671,234,45,11
2667,222,41,9
2659,227,43,7
2659,229,40,6
2675,227,44,3
2679,225,36,7
2679,229,34,1
2675,231,38,-3
2675,221,31,5
2655,231,32,2
2675,232,31,3
2675,230,34,7
2667,235,34,8
2719,231,32,22
2667,227,31,15
2711,220,26,19
2719,220,31,17
2655,233,30,15
2675,234,44,3
2679,231,34,8
2667,225,30,8
2671,219,35,11
2655,227,30,15
2659,230,28,8
2663,232,33,7
2679,231,31,5
2683,229,32,-2
2683,230,41,11
2659,224,29,9
2655,227,30,11
2719,224,35,16
2683,228,31,13
2667,223,36,20
2667,223,34,18
2663,218,35,14
2659,231,37,10
2667,234,35,11
2687,230,35,7
2671,230,31,5
2659,227,36,8
2659,223,33,10
2663,226,34,9
2671,227,35,10
2671,226,31,7
2667,236,33,0
2659,229,37,10
2667,220,33,11
2659,227,31,7
2671,224,34,8
2671,224,37,10
2659,236,29,7
2663,227,32,8
2659,230,33,8
2671,228,33,8
2667,239,38,5
2675,227,31,7
2655,227,32,12
2659,228,31,12
2671,222,29,15
2671,221,32,13
2679,233,29,9
2663,228,30,12
2659,224,33,12
2659,226,31,11
2671,230,29,5
2671,224,33,14
2667,220,30,7
2663,229,29,6
2659,235,28,3
2667,227,34,10
2667,226,31,11
2671,222,33,8
2663,234,34,5
2663,226,37,14
2683,223,36,10
2679,223,33,7
2671,227,36,8
2659,226,34,10
2659,228,36,7
2659,226,39,10
2675,226,35,11
2671,230,30,8
2667,224,34,10
2655,225,37,10
2659,227,33,9
2667,228,34,6
2671,230,33,4
2659,225,33,7
2707,225,32,9
2659,227,29,11
2667,222,33,11
2675,225,29,10
2715,226,32,16
2667,227,39,12
2655,231,34,12
2659,226,34,14
2715,224,34,11
2719,217,35,12
2667,226,34,12
2675,227,33,9
2667,235,34,3
2659,221,31,9
2655,232,34,3
2667,231,31,6
2667,226,38,6
2667,230,38,12
2663,231,39,9
2659,224,35,12
2671,227,33,8
2667,222,33,13
2667,224,30,21
2663,222,43,12
2667,226,36,7
2659,224,37,8
2675,233,38,4
2659,227,31,10
2667,221,37,9
2659,229,34,9
2655,229,33,9
2663,236,34,4
2671,232,32,5
2659,227,32,8
2655,227,32,9
2655,231,33,6
2667,230,32,2
2671,226,30,15
2671,224,32,13
2655,223,33,11
2667,225,35,9
2675,228,36,7
2683,231,32,6
2667,225,31,8
2667,225,32,9
2659,224,32,14
2659,228,33,8
2671,228,37,9
2667,233,34,11
2659,225,37,8
2659,227,35,12
2655,219,34,14
2667,229,34,5
2679,227,34,9
2667,227,33,10
2663,237,35,5
2655,228,28,10
2663,226,31,7
2671,227,31,9
2663,221,34,8
2659,235,35,4
2655,220,31,11
2667,226,30,11
2675,225,33,9
2667,219,36,15
2715,222,31,12
2659,224,32,11
2659,223,33,8
2667,225,33,11
2659,225,36,12
2659,231,32,3
2659,227,36,5
2667,229,33,3
2675,228,33,2
2675,229,33,4
2663,225,28,7
2663,224,30,10
2659,226,32,11
2655,225,37,12
2679,230,36,11
2671,224,34,14
2667,225,39,6
2659,227,34,8
2671,229,38,7
2667,229,34,2
2667,229,33,4
2667,223,31,11
2655,228,33,8
2667,228,38,8
2723,226,33,11
2675,227,30,9
2667,228,30,6
2667,219,34,9
2659,230,32,9
2663,227,33,13
2667,226,35,9
2667,223,31,5
2667,241,33,16
2671,236,43,-6
2667,231,34,7
2655,228,37,10
2667,224,39,7
2675,229,32,8
2667,234,38,6
2659,222,34,12
2659,224,33,12
2667,223,38,9
2679,229,28,10
2675,224,38,6
2671,231,33,6
2655,228,35,7
2659,228,31,5
2663,232,32,7
2663,226,35,8
2675,236,36,6
2667,234,36,6
2655,230,37,4
2715,236,32,0
2671,231,31,6
2671,233,31,9
2667,216,32,16
2715,215,27,25
2723,223,32,20
2667,226,37,17
2667,232,52,11
2667,242,43,3
2675,238,52,-7
2735,229,51,-8
2735,240,48,-12
2683,225,44,5
2671,216,44,10
2719,211,48,16
2723,202,52,23
2655,207,56,12
2711,215,60,15
2659,216,61,12
2683,221,68,1
2683,233,68,0
2727,258,89,18
2771,452,180,92
2731,268,168,-53
2787,287,146,-37
2767,268,144,33
2763,263,126,59
2759,241,153,46
2763,243,140,38
2767,228,148,26
2775,241,155,10
2723,237,154,6
2715,234,151,6
2723,244,149,5
2719,227,143,13
2715,226,144,9
2731,219,138,3
2779,217,141,-17
2779,218,142,-12
2779,218,147,-10
2783,216,143,-7
2775,216,136,-16
2771,212,134,-22
2771,253,99,-51
2715,164,134,29
2719,123,127,35
2715,221,77,9
2655,181,89,14
2667,192,97,6
2675,193,86,15
2671,190,84,21
2719,206,74,32
2715,215,65,35
2715,227,63,15
2719,223,52,30
2715,240,34,30
2715,249,34,26
2715,250,20,22
2619,239,10,1
2743,199,-11,1
2683,188,-23,19
2743,191,-27,41
2739,190,-25,70
2735,207,-23,58
2739,220,-16,34
2691,232,-6,3
2759,273,-3,-7
2747,269,-8,-5
2699,254,-13,1
2683,223,-28,-5
2743,193,-34,-21
2739,168,-44,5
2735,165,-49,27
2739,162,-35,38
2735,188,-24,46
2739,215,-11,50
2683,232,-5,35
2687,250,-5,20
2687,244,-15,6
2679,230,-24,5
2683,205,-40,13
2735,197,-44,21
2735,196,-38,36
2735,221,-37,30
2727,231,-31,31
2735,234,-37,21
2691,228,-44,0
2739,226,-54,-3
2691,219,-57,2
2691,222,-51,8
2703,249,-51,-8
2751,242,-49,-17
2743,227,-40,11
2739,208,-36,21
2739,209,-39,27
2735,222,-32,22
2743,240,-26,15
2703,255,-17,9
2695,250,-7,4
2699,259,-9,8
2691,250,-4,16
2687,247,-6,10
2631,239,0,-1
2743,228,-8,-16
2735,218,-9,-13
2735,224,-6,0
2695,225,2,12
2643,238,6,7
2627,249,9,8
2623,256,16,21
2707,252,25,30
2711,261,27,24
2707,262,27,19
2671,262,33,9
2675,264,27,4
2675,243,26,1
2719,229,20,-8
2671,230,21,6
2667,243,19,2
2671,240,25,7
2719,241,32,30
2719,257,35,31
2723,263,45,33
2731,256,36,43
2731,248,36,60
2719,245,32,65
2719,248,33,77
2723,262,42,85
2719,266,46,71
2723,262,47,74
2727,270,48,71
2715,278,41,91
2719,279,46,93
2715,277,46,100
2715,270,48,111
2779,232,54,117
2775,212,55,142
2775,201,43,166
2783,184,30,145
2779,163,33,124
2711,178,20,101
2711,199,35,82
2715,211,41,80
2711,226,51,68
2715,201,49,63
2715,201,36,59
2719,202,33,54
2727,205,35,52
2719,214,37,50
2731,213,39,52
2723,206,31,51
2715,206,27,49
2715,207,35,55
2715,208,27,67
2719,198,36,59
2719,194,40,78
2723,199,40,83
2719,192,38,87
2715,221,41,70
2723,240,54,44
2719,251,46,15
2719,235,35,-6
2723,238,26,-14
2719,222,20,-3
2667,219,14,16
2671,205,25,16
2735,208,28,22
2731,230,35,28
2723,238,44,21
2663,240,46,12
2671,234,31,5
2671,235,27,-2
2667,228,30,-3
2723,232,23,2
2719,243,29,-3
2675,238,30,-2
2683,231,28,14
2715,222,38,55
2723,242,44,95
2715,217,44,90
2727,213,41,89
2719,225,34,76
2711,239,35,31
2667,249,44,-10
2723,257,41,-26
2723,250,31,-34
2715,218,32,-42
2715,219,35,-15
2715,224,34,-16
2723,220,34,-26
2715,213,43,-27
2719,213,38,-34
2719,217,40,-46
2719,201,34,-25
2719,230,30,-60
2715,233,26,-73
2727,244,29,-75
2727,251,35,-73
2723,246,43,-61
2723,260,46,-47
2715,249,41,-31
2723,223,33,-11
2719,219,30,-24
2723,232,32,-33
2719,228,25,-50
2719,220,27,-46
2723,203,28,-41
2727,214,28,-36
2719,218,36,-9
2719,226,39,-8
2671,223,43,9
2723,227,57,46
2727,240,59,68
2723,250,64,72
2715,253,59,64
2715,247,52,44
2715,235,50,32
2719,240,46,39
2723,208,34,59
2715,213,43,61
2719,222,43,46
2723,206,43,40
2715,223,42,22
2715,226,36,9
2667,220,33,5
2671,215,25,4
2679,220,24,6
2679,224,28,8
2667,222,31,8
2655,212,32,17
2715,217,34,19
2715,212,36,39
2711,220,45,42
2711,220,42,42
2707,227,43,36
2711,244,44,26
2715,244,48,19
2715,244,47,21
2719,249,42,20
2731,243,47,25
2723,248,50,44
2727,256,49,41
2715,250,48,46
2719,244,44,48
2727,246,33,52
2723,227,38,44
2715,235,35,41
2715,241,27,47
2719,225,35,57
2719,242,29,65
2719,247,26,65
2719,250,19,65
2711,259,11,67
2671,258,9,56
2659,272,9,58
2675,264,-2,61
2743,257,-6,54
2751,260,-15,65
2751,266,-19,58
2743,272,-24,51
2739,270,-35,47
2739,250,-36,39
2735,233,-47,42
2735,220,-55,55
2739,201,-55,59
2739,198,-61,58
2731,225,-56,44
2731,238,-56,21
2735,219,-62,24
2731,201,-68,27
2731,191,-70,20
2727,189,-75,40
2735,194,-72,54
2727,190,-67,54
2731,198,-57,61
2735,200,-51,56
2731,203,-48,52
2735,190,-54,58
2731,192,-47,58
2727,211,-37,57
2727,207,-31,67
2735,201,-32,68
2735,190,-22,70
2727,180,-17,84
2735,163,-12,88
2731,184,-1,72
2667,217,8,55
2663,230,13,30
2671,231,19,10
2723,226,22,22
2715,220,31,34
2715,206,33,51
2715,202,38,73
2723,209,50,92
2715,227,54,100
2719,237,54,93
2719,231,63,73
2723,250,57,66
2727,251,50,65
2707,228,45,51
2711,243,42,25
2671,235,45,1
2719,211,49,-8
2659,184,51,21
2719,153,60,42
2715,148,68,50
2719,153,74,57
2727,192,83,37
2731,256,90,42
2715,291,98,35
2775,321,115,25
2671,324,102,5
2683,313,91,4
2675,288,88,4
2719,267,73,-20
2715,228,58,-22
2723,210,55,-22
2719,200,44,-28
2715,184,29,-23
2715,204,36,-2
2671,229,39,-2
2675,226,41,-10
2667,220,48,9
2731,230,54,33
2723,232,69,59
2723,232,67,68
2723,222,68,59
2723,222,71,51
2723,226,71,44
2727,252,73,39
2711,245,70,36
2719,239,67,38
2719,250,62,36
2719,239,56,32
2719,236,55,28
2711,234,55,38
2715,244,68,38
2711,240,67,38
2707,245,72,27
2711,232,71,27
2711,245,68,32
2715,245,74,23
2711,250,76,19
2711,286,82,19
2659,315,91,9
2671,262,79,5
2675,225,68,1
2675,240,55,1
2727,242,48,-2
2711,227,40,24
2711,228,34,36
2711,236,31,47
2711,231,20,51
2711,223,19,50
2711,221,16,44
2675,228,13,38
2687,226,16,28
2715,222,14,22
2683,224,13,22
2671,218,14,16
2619,220,12,12
2679,213,10,19
2679,207,7,19
2675,205,4,17
2611,204,8,17
2619,223,15,4
2623,235,22,0
2679,245,22,0
2727,246,29,0
2719,246,25,1
2723,241,20,-6
2723,241,20,-7
2719,251,21,-5
2659,249,20,-8
2675,252,24,-4
2727,267,27,-23
2727,255,24,-35
2719,263,24,-46
2735,231,18,-47
2675,226,12,-41
2719,224,15,-39
2675,230,10,-35
2679,228,13,-31
2723,238,19,-48
2667,228,16,-51
2715,225,17,-51
2671,229,8,-56
2675,231,11,-67
2683,233,3,-66
2675,229,0,-71
2675,227,3,-70
2683,234,0,-63
2683,243,6,-57
2667,251,1,-70
2687,242,-1,-65
2695,248,0,-71
2751,246,-5,-84
2747,242,1,-92
2675,261,3,-88
2691,261,11,-89
2679,248,6,-91
2675,262,2,-88
2671,264,14,-66
2719,258,16,-68
2667,211,-2,-84
2747,195,-9,-61
2739,196,-12,-54
2743,194,-2,-65
2687,201,4,-112
2731,222,9,-130
2731,228,16,-139
2779,219,33,-131
2787,248,32,-109
2783,238,42,-100
2735,203,40,-88
2727,182,5,-83
2751,139,-15,-14
2735,154,-5,30
2675,166,16,61
2715,192,24,19
2675,224,41,-9
2739,256,56,-38
2731,275,67,-45
2715,267,53,-22
2715,262,49,-20
2671,215,32,27
2659,188,2,96
2731,112,-25,71
2679,105,-22,81
2735,176,-9,89
2687,243,22,57
2719,251,32,36
2719,251,35,20
2675,242,20,16
2667,250,14,8
2691,206,-22,26
2735,137,-49,105
2799,137,-56,157
2795,178,-40,171
2799,246,-9,137
2723,307,19,108
2711,348,44,57
2711,337,52,50
2719,345,41,80
2715,283,15,76
2679,244,4,73
2735,218,-12,113
2807,220,-19,141
2743,230,4,117
2667,255,17,86
2715,283,22,69
2719,278,33,20
2671,273,28,17
2723,251,19,42
2723,234,14,54
2691,211,-2,53
2739,195,-5,59
2687,220,-3,86
2727,258,7,61
2719,273,30,25
2667,281,33,8
2683,264,33,1
2691,257,20,1
2715,246,16,15
2723,235,22,26
2675,239,12,34
2671,219,16,25
2671,230,15,17
2623,246,10,-9
2683,246,9,-27
2719,262,26,-49
2675,228,9,-48
2675,220,11,-44
2671,216,5,-32
2667,220,10,-34
2671,214,3,-22
2679,210,6,-12
2675,210,8,-23
2675,217,6,-19
2691,222,8,-26
2671,230,10,-31
2691,214,6,-40
2687,212,1,-41
2691,207,-6,-45
2707,215,8,-63
2675,228,8,-62
2683,229,11,-61
2679,234,19,-49
2723,237,19,-31
2731,239,26,-12
2719,237,24,-3
2675,226,24,5
2671,228,21,0
2679,222,10,-10
2679,219,16,-12
2671,229,8,-17
2679,223,13,-21
2679,228,16,-30
2671,227,18,-33
2719,231,18,-34
2719,233,22,-31
2719,229,21,-21
2719,230,21,-12
2719,227,19,-12
2723,221,15,-15
2719,226,15,-17
2719,235,25,-15
2671,247,18,-23
2727,218,24,-18
2731,224,15,-10
2719,225,13,-18
2671,213,20,-14
2727,221,16,-20
2675,226,24,-18
2675,234,18,-14
2723,230,23,-15
2719,233,17,-17
2723,225,19,-23
2675,223,23,-17
2671,233,30,-9
2623,222,10,4
2623,214,11,6
2627,226,15,-3
2719,225,19,-14
2719,221,21,-25
2723,225,15,-24
2671,219,9,-18
2679,225,9,-14
2691,231,9,-24
2675,228,11,-32
2671,223,13,-45
2671,229,9,-37
2671,229,8,-21
2719,238,10,-10
2679,225,12,-6
2675,222,10,-7
2679,213,10,-14
2671,222,13,-11
2671,235,13,-7
2723,245,21,-8
2671,230,18,-17
2675,234,20,-14
2679,216,10,-3
2671,212,8,-6
2703,207,5,-1
2663,234,24,28
2667,216,11,-8
2675,223,15,-12
2691,237,20,-5
2675,228,25,-6
2619,236,22,-2
2731,228,20,-2
2719,239,22,-4
2719,225,17,-1
2719,216,16,-4
2671,217,12,-3
2691,219,14,3
2627,227,12,2
2675,227,21,-6
2671,221,17,2
2675,229,16,4
2683,235,22,-3
2723,232,25,1
2627,232,20,-4
2683,229,14,-4
2727,234,21,-8
2727,245,18,-3
2667,242,18,-10
2727,230,18,-8
2671,226,15,3
2671,232,15,6
2623,217,15,11
2623,220,17,15
2611,209,10,12
2671,211,10,5
2631,208,12,15
2675,232,20,-2
2667,229,17,5
2671,233,18,6
2663,236,22,7
2687,242,28,-2
2727,252,17,-13
2731,229,18,-4
2631,224,14,-3
2619,219,15,10
2607,221,17,11
2631,225,22,11
2671,224,16,9
2719,225,20,10
2615,221,17,14
2715,226,17,14
2667,225,19,3
2671,226,20,6
2671,230,20,7
2671,239,28,4
2611,226,15,0
2631,229,16,1
2675,227,17,6
2667,228,15,3
2667,228,24,-1
2655,226,20,1
2683,231,26,10
2667,228,19,6
2675,222,20,3
2671,224,17,8
2655,229,22,5
2659,227,21,7
2671,222,20,6
2675,229,23,10
2663,233,23,7
2675,234,16,4
2663,226,17,7
2667,231,18,12
2667,229,16,13
2659,222,17,5
2667,219,19,11
2659,224,12,8
2667,228,16,10
2671,224,21,15
2719,227,21,17
2663,232,21,12
2663,226,24,7
2655,221,24,12
2679,231,24,5
2623,226,19,10
2663,231,12,6
2611,227,16,7
2671,238,12,1
2639,229,11,-6
2739,230,13,-9
2735,230,18,1
2671,235,20,7
2707,236,22,12
2711,224,19,14
2719,219,18,23
2723,227,18,21
2671,236,14,16
2671,229,29,8
2663,223,21,9
2659,222,18,14
2659,228,21,19
2667,223,24,13
2683,228,13,9
2667,232,13,11
2659,227,18,7
2615,224,13,5
2631,225,10,7
2687,229,20,6
2659,232,26,9
2655,230,24,11
2667,231,30,9
2675,228,27,19
2671,218,21,7
2671,222,27,14
2711,224,28,23
2711,229,27,24
2711,227,21,18
2659,224,18,11
2667,228,23,9
2683,238,27,6
2679,233,18,-3
2675,235,25,-4
2723,240,24,-6
2671,232,20,3
2667,214,22,8
2663,226,22,11
2671,223,30,19
2727,218,22,16
2719,238,23,15
2671,225,23,11
2667,226,24,8
2655,238,28,4
2667,240,20,1
2735,234,18,-4
2735,230,23,-4
2675,231,20,4
2687,237,20,6
2667,216,20,6
2655,217,21,17
2711,221,25,27
2707,208,18,31
2707,214,25,27
2715,230,29,21
2707,235,30,14
2671,244,27,5
2675,236,22,-6
2675,239,20,-8
2727,226,23,-3
2719,240,25,-16
2683,222,18,7
2671,223,20,5
2655,220,21,11
2715,218,24,19
2711,236,26,12
2731,227,26,18
2671,227,25,13
2659,222,22,12
2655,229,23,11
2667,229,24,6
2667,229,23,7
2671,230,21,6
2679,241,30,11
2675,242,22,1
2675,230,25,2
2663,226,21,4
2663,224,20,6
2671,226,24,8
2715,224,26,11
2671,223,28,15
2707,223,28,19
2711,230,24,26
2715,224,21,14
2659,225,19,9
2687,226,22,0
2679,237,16,-2
2667,236,22,9
2687,223,21,0
2679,227,20,-9
2723,232,20,-11
2675,235,34,4
2671,227,29,6
2671,226,18,17
2727,223,19,22
2671,216,19,26
2671,226,14,18
2611,226,14,18
2659,233,13,9
2667,222,12,7
2683,239,19,0
2687,232,20,6
2663,227,19,10
2659,228,16,11
2663,229,20,11
2675,228,17,17
2667,219,17,14
2667,224,19,11
2655,226,17,10
2655,227,24,6
2667,230,24,-1
2671,227,20,8
2663,229,18,8
2611,232,19,8
2655,224,20,12
2623,232,21,6
2667,227,20,10
2663,238,22,11
2659,237,20,7
2659,237,20,9
2659,227,18,12
2671,222,18,17
2679,234,20,13
2727,230,21,17
2671,221,13,19
2667,221,11,23
2663,219,12,20
2627,210,10,16
2667,219,19,12
2659,233,21,9
2659,235,21,6
2659,233,18,8
2663,242,23,6
2619,239,17,3
2667,231,16,7
2663,226,19,6
2655,220,17,9
2671,223,23,6
2719,221,18,16
2671,217,22,9
2719,226,22,21
2707,227,26,13
2707,226,26,21
2711,225,26,21
2715,225,26,24
2711,231,22,17
2659,236,19,10
2675,228,18,7
2667,230,17,7
2663,237,14,0
2711,233,19,13
2655,223,19,15
2675,226,22,16
2715,229,21,17
2723,219,20,17
2715,214,22,23
2715,222,22,29
2719,210,21,38
2675,222,22,40
2723,222,21,19
2719,227,24,18
2715,224,26,22
2667,234,31,-1
2671,242,27,-3
2715,236,26,-6
2715,234,27,0
2723,240,23,0
2679,233,21,1
2675,232,23,3
2671,231,20,10
2671,229,24,11
2711,227,28,21
2715,228,22,22
2707,216,26,24
2707,219,26,25
2715,223,21,29
2719,217,18,28
2719,216,26,32
2715,215,19,30
2723,221,20,22
2735,219,20,19
2727,226,21,10
2667,239,23,4
2663,239,24,4
2667,242,24,3
2671,236,16,0
2659,236,20,5
2671,233,22,5
2679,227,18,6
2667,234,28,10
2663,231,22,10
2663,223,20,8
2675,219,27,14
2719,228,35,16
2667,227,33,17
2659,238,30,24
2655,229,34,13
2659,225,35,14
2671,233,27,11
2723,223,34,21
2667,220,26,15
2675,225,22,7
2655,222,24,10
2659,234,24,4
2671,227,25,3
2667,226,25,9
2667,228,21,12
2663,226,25,14
2655,232,19,13
2655,233,20,11
2719,226,25,17
2727,237,32,11
2723,227,34,21
2715,222,24,20
2715,221,33,22
2715,225,29,20
2679,232,27,13
2723,233,34,7
2659,229,32,6
2659,224,24,8
2687,226,23,4
2671,240,23,-4
2675,230,25,3
2679,228,23,5
2667,227,22,6
2667,238,30,2
2667,224,32,17
2679,220,34,15
2667,225,38,14
2663,228,30,17
2711,223,37,20
2711,222,32,23
2711,220,28,19
2655,225,34,12
2667,241,30,3
2691,233,26,4
2671,239,26,5
2667,239,20,5
2655,224,18,6
2655,229,26,5
2675,226,22,10
2675,229,31,9
2667,230,31,11
2667,226,27,22
2719,217,29,21
2715,216,28,22
2707,215,31,30
2719,216,30,34
2655,228,27,12
2667,230,32,9
2675,231,28,9
2675,233,24,7
2663,231,23,7
2659,229,26,5
2663,240,25,5
2723,226,27,16
2723,229,19,17
2667,228,21,18
2715,222,22,14
2719,224,27,26
2719,236,25,17
2659,229,30,13
2655,224,29,15
2719,219,27,13
2679,233,22,12
2663,226,26,16
2719,227,27,12
2715,225,28,18
2659,229,35,23
2655,231,27,12
2659,229,27,12
2671,235,26,13
2671,228,22,9
2667,226,20,19
2715,222,22,16
2655,221,27,18
2667,233,27,16
2659,230,26,12
2671,225,27,17
2719,228,29,18
2723,225,23,22
2719,232,24,11
2667,232,29,9
2659,235,31,13
2707,233,34,13
2671,226,18,12
2675,230,23,8
2671,229,23,11
2675,227,24,9
2659,223,23,16
2655,224,24,18
2667,220,25,16
2671,226,27,13
2667,227,31,14
2719,230,31,15
2659,223,32,21
2707,225,28,19
2659,220,30,14
2667,233,30,9
2675,232,25,9
2675,229,28,7
2655,230,31,9
2655,227,27,13
2659,225,29,19
2667,225,32,12
2675,225,28,15
2715,228,27,19
2675,230,26,12
2659,222,30,19
2659,227,26,15
2707,229,27,20
2711,222,26,24
2719,225,22,25
2719,224,26,16
2723,226,25,17
2667,226,25,16
2675,230,26,17
2667,228,28,14
2663,229,32,16
2711,220,31,23
2711,223,30,13
2659,223,30,18
2667,219,30,14
2671,231,30,6
2683,218,25,11
2659,226,27,7
2655,228,29,7
2667,226,29,13
2671,242,32,5
2667,227,29,11
2671,228,29,9
2655,227,32,13
2655,234,30,8
2671,232,26,10
2671,234,28,17
2715,229,30,18
2727,239,29,15
2667,233,30,9
2659,225,25,9
2715,225,26,15
2715,225,25,15
2723,226,29,14
2671,231,30,10
2667,223,28,19
2719,227,26,18
2723,224,29,21
2663,225,26,18
2655,224,26,18
2663,231,27,13
2659,229,27,8
2667,227,39,14
2667,222,34,13
2659,225,29,10
2655,223,32,11
2667,227,31,10
2671,224,34,15
2671,228,28,13
2663,225,28,12
2659,227,30,12
2667,229,31,15
2667,229,29,11
2671,228,31,12
2667,224,26,10
2659,229,26,16
2659,225,22,20
2663,230,25,15
2723,231,22,17
2683,228,21,15
2671,222,25,18
2719,230,26,20
2723,225,24,19
2667,231,25,10
2663,222,28,14
2655,229,24,12
2663,226,23,12
2719,231,25,16
2719,233,22,12
2675,224,27,7
2655,232,31,4
2659,226,28,8
2671,226,31,9
2675,225,27,12
2671,231,30,10
2663,234,29,11
2655,226,29,15
2667,230,32,9
2679,227,33,9
2667,220,29,19
2715,227,28,16
2663,219,25,17
2715,236,25,10
2659,232,26,17
2655,232,28,13
2667,228,28,9
2675,229,25,13
2667,238,23,15
2667,221,23,14
2659,224,23,15
2659,225,26,16
2667,231,31,13
2719,223,23,16
2667,224,32,15
2719,227,29,20
2715,223,33,18
2711,228,32,12
2655,228,28,11
2655,224,31,8
2667,232,30,6
2683,238,34,-6
2667,230,33,7
2671,228,30,6
2655,226,25,10
2711,229,28,12
2671,223,19,11
2719,227,26,19
2715,224,27,19
2719,231,27,18
2663,228,27,20
2659,229,28,10
2655,227,28,11
2659,234,24,11
2671,225,23,15
2671,216,31,15
2663,229,24,16
2663,224,27,14
2707,221,26,20
2707,218,31,19
2663,225,26,13
2715,232,25,20
2667,221,22,13
2659,220,22,16
2675,230,21,10
2659,231,23,10
2659,232,27,9
2667,231,29,14
2727,230,28,13
2671,230,28,13
2667,229,28,14
2667,222,30,18
2659,230,26,15
2663,230,24,12
2675,228,28,12
2667,225,29,12
2667,225,24,9
2659,232,24,11
2655,233,27,11
2667,229,27,10
2667,226,32,9
2671,234,33,18
2667,223,24,17
2711,226,28,13
2711,225,27,19
2659,226,31,16
2659,234,24,12
2679,225,21,11
2667,226,24,11
2671,229,24,15
2723,224,27,15
2715,224,23,19
2711,230,25,13
2659,225,29,14
2675,230,29,14
2679,223,26,14
2667,226,28,15
2667,231,27,12
2659,232,22,12
2659,228,34,8
2671,229,29,9
2671,231,27,13
2663,230,32,10
2663,223,28,11
2667,223,29,17
2667,225,29,11
2675,230,32,10
2659,229,36,16
2715,217,31,14
2667,225,28,11
2663,227,27,10
2659,239,26,12
2663,229,28,12
2659,229,28,15
2655,226,25,15
2659,231,24,17
2711,223,24,17
