0,11,227,34
2730,12,226,38
2674,15,225,39
2658,13,228,38
2670,8,232,38
2666,8,230,36
2658,12,226,32
2674,15,225,37
2662,19,220,34
2714,14,220,36
2666,13,226,36
2662,10,226,37
2670,12,221,33
2666,14,228,34
2662,14,228,38
2670,11,228,36
2662,14,223,34
2666,9,230,36
2666,10,229,38
2658,7,230,37
2658,15,225,34
2654,13,232,34
2666,10,224,36
2662,5,226,32
2670,7,233,32
2658,8,225,36
2654,10,225,33
2666,12,222,34
2666,8,224,36
2662,11,228,36
2666,9,225,37
2658,9,227,37
2666,8,226,41
2670,8,228,36
2658,7,224,37
2658,11,231,36
2662,11,231,31
2662,12,223,30
2670,10,234,35
2658,10,223,38
2666,13,226,36
2658,12,228,36
2666,14,227,35
2670,16,227,35
2710,15,219,34
2674,14,227,36
2654,15,219,38
2666,10,227,34
2658,17,219,31
2710,14,231,43
2674,14,231,34
2658,21,221,38
2710,16,225,36
2714,15,226,36
2662,14,227,38
2670,11,230,36
2670,12,225,38
2666,15,228,36
2674,10,233,37
2658,11,229,32
2666,12,226,33
2670,10,234,33
2662,12,226,39
2674,16,220,43
2722,12,233,34
2662,11,225,35
2670,18,221,33
2706,19,225,30
2718,16,227,32
2714,15,224,35
2658,14,228,33
2678,15,223,34
2658,14,224,37
2658,11,235,38
2666,14,225,35
2658,14,225,43
2670,12,230,39
2658,11,230,37
2662,12,229,40
2662,12,226,37
2662,14,227,36
2666,11,226,34
2666,13,224,37
2662,12,224,35
2662,12,227,34
2654,10,224,36
2678,11,229,36
2658,11,223,36
2654,14,227,29
2666,21,223,37
2706,19,222,33
2714,17,222,34
2714,9,234,37
2658,13,224,36
2674,11,227,38
2662,14,228,36
2658,13,225,39
2662,12,227,37
2654,14,227,35
2674,17,221,34
2714,14,222,40
2658,18,220,39
2714,9,234,37
2662,14,224,30
2666,18,227,34
2726,16,220,40
2710,13,231,35
2670,13,225,37
2666,15,225,36
2658,15,223,35
2662,15,227,36
2654,11,227,35
2666,13,223,37
2666,10,229,35
2658,11,232,36
2666,11,230,43
2654,10,227,32
2666,6,226,42
2666,17,234,33
2706,11,224,36
2670,16,224,35
2706,10,226,36
2670,13,227,35
2662,10,226,35
2658,9,227,32
2674,10,232,30
2658,11,229,32
2658,11,229,32
2670,11,224,35
2658,4,233,40
2686,7,235,37
2666,7,231,31
2658,9,230,33
2670,8,225,37
2662,3,227,38
2686,6,226,35
2662,5,233,36
2666,6,233,33
2670,12,226,34
2654,8,231,37
2670,5,233,33
2678,7,231,32
2658,7,231,33
2666,5,233,35
2662,1,235,39
2678,10,217,36
2666,12,231,40
2658,11,221,32
2658,11,232,34
2662,11,227,35
2666,11,225,33
2658,11,229,34
2654,14,225,34
2666,14,224,34
2662,11,231,36
2662,12,225,33
2666,17,230,36
2710,17,228,33
2722,18,228,36
2722,15,230,32
2658,13,223,38
2666,15,228,34
2654,16,223,38
2718,16,223,38
2722,20,223,36
2706,23,224,37
2722,21,222,39
2714,18,224,39
2714,19,222,41
2726,13,221,34
2666,12,227,44
2654,12,236,37
2666,9,223,36
2658,6,228,37
2666,7,231,36
2666,8,227,36
2658,7,227,37
2666,8,230,36
2658,5,232,36
2674,4,230,34
2678,10,227,35
2666,6,232,30
2670,10,228,30
2658,8,228,36
2670,0,221,31
2682,6,233,33
2662,4,226,25
2682,8,222,34
2658,12,227,29
2662,8,226,31
2666,9,228,33
2662,8,231,35
2674,7,225,32
2658,11,232,33
2662,10,230,31
2666,13,228,35
2654,15,225,29
2674,16,228,26
2718,10,230,27
2654,10,224,34
2678,12,224,36
2658,14,222,27
2670,8,223,30
2666,9,225,29
2658,8,222,31
2670,10,228,32
2666,10,228,33
2666,11,226,34
2662,8,233,33
2654,10,229,32
2666,11,230,33
2658,10,228,30
2658,10,225,33
2666,11,221,36
2658,11,220,37
2670,5,236,40
2666,1,236,38
2678,6,228,40
2666,9,223,40
2666,16,223,37
2714,17,226,35
2718,16,226,36
2710,22,218,32
2714,18,227,38
2706,14,220,41
2666,18,225,44
2714,21,214,37
2710,14,224,37
2658,5,227,39
2678,4,234,42
2670,3,234,44
2670,6,233,42
2666,8,231,41
2658,11,237,37
2666,10,233,36
2658,11,234,35
2658,17,220,37
2710,12,223,35
2666,13,226,31
2670,11,223,44
2658,20,224,37
2726,15,220,33
2670,14,221,35
2658,14,222,37
2666,12,224,38
2654,16,221,35
2722,14,224,38
2670,12,226,38
2666,10,230,35
2666,9,230,37
2658,10,226,38
2666,13,227,32
2670,11,218,32
2658,19,219,34
2722,10,229,28
2662,12,221,35
2666,14,223,34
2670,15,221,36
2658,12,227,35
2682,14,229,36
2658,14,227,36
2666,12,228,35
2662,17,224,38
2710,22,226,36
2718,20,219,39
2714,16,222,36
2710,12,223,43
2674,18,222,40
2718,14,221,39
2658,11,223,38
2666,9,223,37
2658,10,228,38
2670,8,223,37
2670,10,220,37
2654,7,229,41
2666,5,227,38
2666,8,227,37
2662,12,226,39
2670,4,234,46
2674,-2,243,37
2670,5,231,39
2670,0,239,35
2674,1,229,41
2686,5,231,36
2670,2,230,37
2686,5,229,32
2682,7,232,32
2658,6,234,31
2670,6,233,34
2662,8,228,36
2670,10,227,35
2662,10,229,32
2658,10,225,37
2666,17,220,40
2714,8,232,28
2666,11,223,30
2658,10,227,34
2654,11,225,34
2666,9,227,34
2658,12,225,35
2666,4,232,37
2674,7,232,37
2662,5,229,34
2674,5,231,36
2674,4,239,32
2670,2,234,36
2682,2,233,35
2670,8,231,32
2674,12,226,34
2662,6,232,32
2666,6,226,37
2670,5,227,36
2674,10,230,32
2674,10,225,32
2670,11,227,34
2662,10,226,33
2662,9,227,31
2654,10,225,30
2666,11,225,35
2666,13,224,40
2658,12,230,31
2666,13,228,35
2658,8,230,30
2670,11,236,32
2658,11,237,32
2662,9,235,34
2662,7,232,35
2662,5,234,35
2678,7,230,32
2670,5,227,32
2666,7,220,31
2662,8,228,28
2658,8,223,30
2666,12,221,22
2666,11,225,30
2662,5,231,39
2674,4,236,29
2670,8,231,31
2666,14,226,30
2666,9,233,31
2658,11,231,30
2670,10,227,28
2658,16,222,27
2718,12,227,32
2662,17,221,32
2714,18,229,26
2722,20,223,33
2718,9,220,32
2654,12,225,28
2666,15,220,25
2662,24,208,34
2714,21,222,31
2722,21,222,32
2714,18,219,35
2710,14,220,34
2674,13,216,32
2658,15,213,32
2674,6,224,36
2658,8,229,36
2662,15,225,38
2666,10,231,39
2654,15,226,35
2670,14,228,29
2658,21,223,33
2718,14,230,38
2666,13,228,34
2658,13,224,33
2670,12,222,32
2670,9,227,34
2658,9,229,32
2670,10,233,32
2658,11,230,28
2674,13,222,33
2662,5,232,40
2666,11,232,40
2658,11,233,38
2666,7,217,36
2666,0,232,34
2678,3,230,37
2678,5,230,35
2674,6,228,36
2658,6,228,34
2670,5,228,32
2682,6,223,36
2658,11,221,35
2670,8,224,35
2658,11,230,36
2666,9,231,34
2662,13,218,35
2654,11,223,36
2670,11,234,45
2662,12,224,38
2658,11,224,44
2666,9,222,41
2658,8,225,43
2674,7,229,39
2658,7,227,43
2666,8,222,42
2666,7,218,36
2658,6,229,40
2670,13,218,41
2662,5,223,45
2674,3,227,44
2674,9,225,39
2662,0,229,27
2678,7,225,36
2670,3,229,33
2666,1,233,35
2678,1,229,34
2670,-1,232,32
2674,1,231,35
2674,-3,231,38
2674,2,228,32
2670,-2,228,35
2674,5,221,31
2674,6,224,33
2658,7,232,38
2654,2,231,32
2686,3,237,28
2666,4,232,33
2674,3,232,31
2678,6,231,32
2658,8,227,34
2674,7,230,34
2658,7,229,31
2654,11,225,33
2666,8,235,34
2654,17,228,34
2726,17,230,33
2718,22,231,32
2710,17,223,36
2722,10,228,29
2666,15,227,31
2662,18,220,27
2722,21,220,28
2710,19,220,26
2718,21,218,28
2714,18,221,29
2718,17,220,31
2718,15,220,33
2662,11,226,28
2654,15,233,30
2670,13,224,31
2654,11,232,38
2674,3,234,44
2674,10,239,34
2658,11,230,34
2678,8,231,34
2666,6,230,32
2658,8,225,34
2666,8,225,30
2658,9,224,32
2674,13,223,30
2670,11,219,35
2658,13,224,28
2666,8,229,24
2654,15,227,30
2670,18,227,31
2714,10,232,31
2658,8,230,28
2666,6,226,32
2658,7,228,33
2662,7,232,33
2666,5,229,32
2666,4,228,36
2678,5,231,31
2674,5,232,36
2678,4,236,30
2682,-2,229,32
2674,8,215,35
2678,5,232,40
2682,11,230,41
2662,10,223,30
2666,11,222,30
2658,9,224,29
2674,9,229,32
2662,10,227,29
2654,11,227,30
2670,14,224,31
2658,16,221,35
2718,16,224,35
2722,11,226,38
2662,6,226,39
2682,13,228,31
2658,11,225,36
2662,13,224,32
2666,20,223,36
2710,18,226,35
2726,15,225,35
2666,18,223,34
2710,15,225,34
2670,15,223,36
2662,14,218,35
2658,13,225,35
2670,14,224,37
2658,10,231,37
2674,11,226,39
2658,7,237,42
2666,11,234,35
2666,8,229,36
2658,4,231,37
2686,7,230,35
2654,7,226,32
2670,6,227,33
2670,5,230,31
2670,6,228,34
2674,7,228,38
2658,8,227,36
2658,10,223,38
2666,10,226,30
2658,10,223,33
2674,3,223,37
2674,12,227,34
2662,9,226,34
2670,15,218,36
2658,12,227,34
2670,10,227,35
2666,8,223,35
2662,8,225,36
2670,7,226,31
2658,7,224,34
2666,6,227,35
2666,0,236,33
2666,5,234,29
2678,8,216,31
2658,10,229,37
2666,8,219,33
2670,1,228,36
2666,11,220,33
2666,8,223,31
2662,8,225,33
2658,7,227,31
2666,9,225,29
2662,11,222,29
2670,8,224,34
2658,10,232,32
2666,4,234,36
2670,10,224,37
2662,13,225,43
2658,6,227,34
2658,7,236,29
2670,7,240,26
2678,8,231,29
2662,8,227,32
2674,7,228,30
2662,8,226,34
2658,8,230,33
2666,6,231,32
2654,10,230,30
2670,8,228,33
2654,5,226,32
2674,9,224,31
2666,5,239,38
2670,4,233,34
2674,7,230,33
2674,7,227,31
2666,9,223,39
2670,10,223,34
2654,12,227,32
2670,11,224,35
2658,11,227,33
2658,12,228,31
2666,12,227,30
2658,15,224,33
2670,15,222,29
2666,17,220,33
2706,11,223,41
2670,13,221,32
2658,16,224,30
2714,14,227,28
2678,9,233,29
2658,13,225,30
2674,10,226,32
2662,12,228,30
2662,12,225,34
2670,12,225,32
2658,12,224,33
2678,12,227,32
2662,9,225,31
2658,11,226,31
2666,14,225,25
2658,12,216,28
2670,5,230,29
2674,9,231,26
2658,10,230,35
2670,14,224,33
2658,10,227,33
2674,8,224,34
2666,7,220,30
2666,6,227,30
2670,10,228,29
2662,6,229,29
2670,11,228,30
2666,6,231,30
2658,3,235,28
2678,0,240,41
2666,10,234,30
2666,10,227,34
2658,7,230,31
2654,10,225,38
2666,11,226,31
2662,9,228,33
2658,8,225,30
2670,8,222,33
2658,4,226,32
2674,6,223,35
2662,5,234,34
2670,5,234,38
2674,10,230,34
2662,14,226,37
2670,12,227,32
2658,-1,234,35
2682,10,223,36
2674,9,224,36
2666,8,226,36
2678,7,223,33
2666,9,226,32
2666,7,227,35
2670,8,227,36
2658,8,230,35
2678,9,229,33
2658,10,226,34
2666,7,224,38
2670,9,226,36
2658,7,228,36
2674,11,225,38
2670,14,221,34
2658,10,226,39
2666,11,225,35
2658,12,221,35
2674,11,226,35
2666,8,229,33
2658,9,228,32
2670,8,230,30
2658,10,229,31
2674,6,226,35
2666,10,224,34
2658,11,225,33
2670,9,226,27
2654,10,225,37
2670,4,226,37
2678,8,225,33
2658,9,227,33
2670,6,228,35
2658,6,228,35
2666,6,228,34
2662,7,227,30
2654,8,224,30
2670,4,230,33
2666,3,231,30
2678,11,237,33
2658,7,225,33
2658,7,230,26
2666,22,225,24
2706,9,225,32
2666,11,230,31
2666,11,228,32
2658,11,227,29
2670,10,223,34
2654,9,227,32
2666,11,222,33
2670,9,226,31
2654,6,225,38
2674,10,225,29
2658,14,216,32
2666,22,217,33
2714,16,226,32
2714,10,229,30
2670,12,223,39
2666,12,227,39
2658,11,227,36
2662,14,228,33
2654,12,231,34
2666,16,228,34
2714,15,226,33
2658,14,226,34
2674,11,230,34
2666,17,224,32
2714,11,224,34
2666,16,221,31
2706,20,227,35
2718,12,217,35
2670,11,233,35
2658,10,226,31
2666,12,226,34
2658,12,226,37
2670,10,229,36
2674,9,227,33
2658,7,228,33
2674,0,231,37
2666,3,235,34
2674,3,235,34
2678,9,226,26
2658,9,221,31
2674,7,235,28
2666,9,228,27
2654,3,232,34
2678,6,229,34
2654,7,230,31
2666,6,231,31
2662,6,229,35
2658,7,228,34
2666,6,226,38
2654,12,228,32
2666,14,227,36
2666,12,230,38
2654,3,245,37
2678,10,228,26
2662,9,231,39
2674,8,224,31
2666,8,226,32
2658,12,224,35
2662,11,225,33
2658,10,228,34
2670,8,227,33
2662,12,221,33
2654,11,222,33
2666,13,222,33
2658,14,221,33
2666,9,226,34
2666,21,224,30
2710,13,222,34
2670,9,221,30
2662,12,222,43
2666,8,227,39
2678,8,226,36
2666,7,226,36
2674,7,226,37
2658,10,225,37
2658,8,224,37
2666,8,227,40
2662,8,232,35
2674,4,233,38
2674,8,220,36
2666,9,239,28
2658,10,227,31
2654,16,222,35
2722,8,229,28
2666,9,221,37
2662,9,225,34
2658,8,226,34
2658,9,229,34
2670,6,229,34
2662,7,229,33
2654,9,229,33
2670,13,226,32
2658,6,229,36
2662,4,236,34
2674,10,226,33
2658,7,233,34
2670,5,232,32
2670,10,230,28
2670,6,237,30
2658,8,227,32
2662,8,223,34
2666,8,227,34
2654,9,227,32
2666,9,226,33
2662,10,228,34
2654,6,231,33
2666,8,231,35
2654,9,231,36
2666,2,230,32
2678,8,225,39
2662,15,235,23
2670,15,226,30
2658,11,227,31
2658,9,225,31
2670,13,224,32
2662,14,227,33
2670,12,223,32
2654,11,223,33
2666,9,224,33
2670,11,224,33
2666,9,225,35
2674,12,221,31
2662,4,228,35
2674,7,228,36
2666,5,225,26
2666,5,226,31
2682,6,231,32
2666,10,227,33
2662,9,228,31
2666,8,225,31
2654,8,227,31
2670,8,227,33
2666,9,225,32
2654,8,231,29
2666,10,223,31
2658,14,224,32
2670,11,223,35
2666,12,224,36
2658,8,228,33
2666,8,231,33
2658,8,225,39
2670,9,228,37
2662,10,224,34
2654,9,228,37
2666,11,233,34
2658,13,229,34
2670,10,227,35
2658,8,225,37
2666,9,225,36
2670,10,225,31
2658,12,227,35
2670,15,220,43
2670,8,224,30
2654,14,219,34
2666,10,229,31
2654,9,222,35
2666,5,229,34
2674,8,226,35
2662,5,231,35
2678,9,227,34
2662,11,230,34
2658,11,228,33
2666,10,227,33
2658,9,225,31
2666,8,228,32
2662,5,237,35
2674,6,236,32
2662,6,232,33
2654,10,228,28
2666,7,231,32
2658,6,233,34
2662,7,226,31
2662,8,224,32
2654,8,228,34
2670,9,227,31
2658,9,225,34
2658,10,228,34
2662,8,221,34
2658,5,218,37
2678,13,225,35
2658,4,235,35
2670,8,232,35
2670,7,229,32
2654,11,220,31
2674,11,224,34
2658,11,225,33
2666,11,226,30
2670,9,227,30
2654,10,222,34
2674,9,225,33
2658,11,224,33
2662,13,225,41
2666,15,219,36
2666,12,229,37
2666,16,220,34
2714,12,222,31
2658,9,226,29
2670,9,224,38
2658,11,224,32
2670,11,227,32
2666,10,229,33
2658,8,223,33
2662,8,225,35
2654,8,227,34
2666,11,225,33
2666,7,227,37
2658,7,223,39
2658,12,225,36
2654,7,233,36
2678,10,224,35
2658,3,231,32
2670,8,222,36
2670,7,230,32
2658,5,227,36
2674,6,229,34
2666,5,230,37
2666,3,229,33
2674,7,228,33
2662,3,232,34
2674,2,228,33
2678,2,227,36
2674,6,225,31
2674,4,229,33
2670,6,229,41
2670,8,245,33
2662,7,225,28
2654,8,224,29
2674,9,226,31
2662,10,224,30
2662,10,228,33
2666,10,225,33
2658,11,226,32
2678,13,222,32
2658,13,220,33
2654,12,225,37
2666,10,231,37
2658,7,226,40
2678,11,230,36
2662,4,227,33
2666,10,220,34
2670,14,224,34
2658,10,221,35
2674,8,225,35
2666,6,225,39
2662,8,229,36
2666,11,226,33
2658,8,227,34
2666,8,223,34
2662,3,232,34
2670,7,229,38
2662,7,226,34
2658,10,227,37
2666,2,229,34
2678,7,226,39
2658,7,229,33
2666,4,229,33
2666,10,230,33
2674,9,231,30
2666,11,223,31
2654,8,224,35
2666,8,228,33
2654,8,228,33
2666,5,230,34
2670,10,224,31
2666,8,228,38
2670,6,226,28
2654,17,220,30
2722,11,226,33
2662,9,220,32
2654,8,230,29
2674,9,227,30
2658,9,226,31
2654,7,226,29
2666,6,228,30
2658,7,226,32
2682,8,228,34
2666,9,219,34
2658,10,230,31
2666,8,234,32
2658,9,230,32
2678,19,223,28
2710,6,223,32
2662,13,227,33
2666,10,231,31
2658,12,226,32
2666,9,226,35
2662,9,223,30
2654,6,220,30
2666,5,223,31
2662,9,225,35
2670,15,235,31
2666,16,241,33
2710,12,241,30
2670,5,233,34
2670,-6,236,43
2730,-7,226,32
2726,4,228,34
2666,7,231,34
2670,12,230,32
2670,9,229,33
2654,10,228,37
2666,7,224,36
2658,8,230,32
2666,7,224,39
2674,12,224,31
2658,11,233,29
2674,8,229,32
2662,5,230,32
2674,10,226,41
2666,6,234,38
2654,8,224,33
2670,10,223,33
2658,12,222,34
2666,12,224,33
2670,12,220,32
2658,12,224,33
2674,12,224,30
2678,8,230,32
2666,9,223,38
2670,7,227,38
2658,8,233,34
2678,10,229,28
2666,8,227,38
2658,4,232,35
2674,6,224,38
2658,5,229,34
2682,6,229,33
2670,6,231,33
2658,8,229,31
2658,6,230,30
2654,7,228,35
2666,5,229,34
2674,13,224,33
2658,5,228,31
2674,2,236,37
2674,13,222,35
2662,7,232,32
2666,9,227,30
2662,10,223,35
2662,8,226,35
2658,7,226,36
2666,7,227,38
2674,6,236,36
2658,4,231,34
2690,5,234,41
2666,6,234,36
2666,5,239,39
2674,11,232,34
2654,4,230,37
2682,9,224,37
2670,-4,238,37
2714,0,236,32
2682,5,233,32
2666,6,234,29
2670,6,231,31
2658,8,231,31
2662,12,233,31
2670,9,233,31
2654,11,223,30
2666,12,223,28
2666,16,216,32
2710,17,214,31
2726,21,223,29
2714,25,215,27
2710,18,222,33
2714,21,219,31
2722,20,223,32
2714,16,230,34
2714,15,227,36
2666,17,226,37
2718,16,227,39
2718,12,229,43
2666,11,232,52
2670,2,243,49
2674,2,245,51
2666,3,242,43
2674,6,241,52
2654,-2,238,47
2674,-7,238,52
2730,-9,233,55
2714,-11,232,50
2734,-8,229,51
2726,-9,227,54
2722,-8,247,55
2734,-12,240,48
2722,-12,246,56
2714,-1,234,48
2682,5,225,44
2678,3,224,47
2666,5,224,48
2670,10,216,44
2658,10,217,46
2666,16,218,49
2718,16,211,48
2710,18,209,51
2718,22,207,48
2722,23,202,52
2710,15,202,51
2666,13,203,53
2654,12,207,56
2674,12,206,64
2666,17,209,61
2710,15,215,60
2682,15,216,57
2658,13,211,61
2658,12,216,61
2666,8,221,64
2662,3,218,67
2682,1,221,68
2682,3,226,66
2670,0,227,67
2682,0,233,68
2670,-4,242,77
2722,-11,244,76
2726,18,258,89
2714,120,306,133
2830,67,350,124
2770,92,452,180
2770,74,420,181
2762,-2,331,155
2730,-53,268,168
2770,-46,223,184
2770,-31,219,169
2786,-37,287,146
2782,-5,275,147
2774,17,268,149
2766,33,268,144
2770,49,280,131
2766,64,281,122
2762,59,263,126
2778,48,254,142
2766,49,248,142
2758,46,241,153
2774,45,244,148
2766,42,236,143
2762,38,243,140
2770,34,235,145
2766,24,236,150
2766,26,228,148
2754,17,251,155
2778,22,236,154
2774,10,241,155
2714,7,239,155
2718,6,240,156
2722,6,237,154
2706,6,234,156
2718,7,233,156
2714,6,234,151
2710,3,235,157
2734,10,231,160
2722,5,244,149
2718,21,219,153
2778,13,230,145
2718,13,227,143
2718,13,225,142
2726,8,226,147
2714,9,226,144
2706,5,226,146
2730,3,229,136
2730,3,219,138
2722,-11,229,144
2786,-6,224,142
2778,-17,217,141
2766,-12,215,141
2770,-9,216,141
2778,-12,218,142
2774,-7,215,138
2770,-8,215,139
2778,-10,218,147
2774,-13,219,145
2770,-14,221,148
2782,-7,216,143
2782,-9,217,144
2778,-12,215,138
2774,-16,216,136
2774,-17,208,136
2774,-17,204,135
2770,-22,212,134
2782,-19,215,128
2770,-28,205,124
2770,-51,253,99
2726,-38,239,103
2722,6,205,123
2714,29,164,134
2770,36,115,133
2778,31,102,145
2718,35,123,127
2762,30,156,111
2766,25,193,95
2714,9,221,77
2658,5,212,75
2678,7,195,80
2654,14,181,89
2666,9,184,99
2666,5,192,100
2666,6,192,97
2670,10,199,91
2662,5,220,92
2674,15,193,86
2662,3,207,89
2674,11,195,88
2670,21,190,84
2710,20,204,78
2714,30,206,75
2718,32,206,74
2714,29,215,72
2718,34,212,68
2714,35,215,65
2710,28,213,66
2718,20,220,63
2714,15,227,63
2658,16,222,61
2722,21,226,56
2718,30,223,52
2710,31,230,48
2734,28,238,40
2714,30,240,34
2710,30,247,32
2722,28,250,34
2714,26,249,34
2714,24,250,23
2714,23,254,23
2714,22,250,20
2710,15,247,12
2622,0,253,6
2618,1,239,10
2634,-7,219,0
2690,-4,209,-9
2742,1,199,-11
2690,8,194,-15
2678,11,192,-16
2682,19,188,-23
2742,27,190,-23
2726,41,191,-28
2742,41,191,-27
2742,55,188,-27
2730,65,182,-24
2738,70,190,-25
2738,69,198,-26
2726,64,203,-24
2734,58,207,-23
2734,49,214,-21
2726,37,220,-17
2738,34,220,-16
2734,14,230,-18
2674,7,234,-19
2690,3,232,-6
2694,-4,242,-5
2738,-10,270,-5
2758,-7,273,-3
2698,-5,273,-3
2690,-5,276,-7
2746,-5,269,-8
2742,-3,260,-7
2694,1,255,-16
2698,1,254,-13
2690,1,240,-21
2686,6,231,-22
2682,-5,223,-28
2738,-17,214,-33
2750,-19,205,-36
2742,-21,193,-34
2738,-15,181,-36
2742,-13,178,-35
2738,5,168,-44
2690,9,169,-51
2682,18,170,-46
2734,27,165,-49
2738,34,156,-37
2738,31,159,-35
2738,38,162,-35
2730,42,170,-31
2734,45,178,-29
2734,46,188,-24
2730,46,196,-22
2738,47,205,-22
2738,50,215,-11
2730,47,222,-4
2734,34,234,-2
2682,35,232,-5
2730,28,249,-1
2686,25,247,-1
2686,20,250,-5
2734,14,251,-6
2682,6,254,-10
2686,6,244,-15
2678,8,242,-17
2702,11,235,-20
2678,5,230,-24
2690,10,226,-33
2682,14,217,-36
2682,13,205,-40
2686,19,206,-43
2738,21,200,-45
2734,21,197,-44
2738,25,194,-43
2738,32,197,-39
2734,36,196,-38
2738,32,206,-38
2742,30,212,-41
2734,30,221,-37
2734,19,234,-38
2738,29,227,-33
2726,31,231,-31
2738,34,231,-31
2738,29,234,-33
2734,21,234,-37
2734,13,235,-31
2682,3,236,-36
2690,0,228,-44
2698,-4,228,-39
2742,-4,225,-47
2738,-3,226,-54
2706,-1,217,-58
2694,2,215,-59
2690,2,219,-57
2694,0,218,-54
2686,3,218,-57
2690,8,222,-51
2682,5,225,-52
2690,2,237,-51
2702,-8,249,-51
2746,-7,242,-43
2738,-16,240,-41
2750,-17,242,-49
2754,-27,240,-40
2742,-11,234,-36
2742,11,227,-40
2682,21,212,-41
2730,22,210,-38
2738,21,208,-36
2746,23,211,-39
2726,25,208,-37
2738,27,209,-39
2738,28,206,-39
2730,30,209,-35
2734,22,222,-32
2730,18,228,-29
2730,18,237,-25
2742,15,240,-26
2690,14,249,-24
2682,5,249,-20
2702,9,255,-17
2682,-3,264,-10
2690,2,256,-12
2694,4,250,-7
2686,7,258,-11
2686,5,264,-12
2698,8,259,-9
2682,7,257,-8
2690,15,251,-5
2690,16,250,-4
2726,16,244,-5
2742,13,246,-4
2686,10,247,-6
2674,7,251,-7
2682,1,235,-1
2630,-1,239,0
2638,-6,235,-7
2742,-10,226,-8
2742,-16,228,-8
2750,-20,222,-8
2750,-16,219,-10
2734,-13,218,-9
2742,-9,222,-8
2754,-11,225,-4
2734,0,224,-6
2694,8,218,-2
2638,0,235,-6
2694,12,225,2
2642,8,229,0
2622,3,238,5
2642,7,238,6
2626,7,245,5
2618,7,246,10
2626,8,249,9
2610,13,253,12
2626,13,255,15
2622,21,256,16
2722,21,257,14
2674,28,250,19
2706,30,252,25
2726,27,259,17
2714,27,258,24
2710,24,261,27
2714,29,258,26
2718,23,262,23
2706,19,262,27
2722,14,264,28
2662,9,267,31
2670,9,262,33
2674,12,262,31
2658,10,259,29
2674,4,264,27
2670,15,240,26
2666,5,247,28
2674,1,243,26
2670,-5,230,18
2734,-7,227,17
2718,-8,229,20
2722,-6,226,19
2738,0,227,23
2670,6,230,21
2666,4,233,15
2626,3,236,16
2666,2,243,19
2682,5,235,20
2678,4,237,30
2670,7,240,25
2666,7,234,27
2658,21,245,27
2718,30,241,32
2722,31,245,33
2714,34,251,35
2718,31,257,35
2718,32,258,41
2710,33,263,38
2722,33,263,45
2722,32,264,47
2710,36,262,40
2730,43,256,36
2714,51,253,37
2714,56,250,39
2730,60,248,36
2714,61,246,35
2710,63,243,32
2718,65,245,32
2714,66,241,34
2710,73,249,37
2718,77,248,33
2714,92,249,31
2714,94,258,38
2722,85,262,42
2710,81,268,44
2718,74,267,47
2718,71,266,46
2714,70,264,49
2718,72,265,47
2722,74,262,47
2710,70,273,51
2710,80,277,58
2726,71,270,48
2706,85,278,41
2722,89,276,38
2714,91,278,41
2710,92,280,45
2722,94,281,45
2718,93,279,46
2714,94,277,47
2722,94,285,49
2714,100,277,46
2710,97,279,56
2714,101,259,51
2714,111,270,48
2774,114,255,49
2782,113,247,50
2778,117,232,54
2770,123,222,59
2770,133,217,58
2774,142,212,55
2786,154,206,53
2770,165,190,46
2774,166,201,43
2778,162,181,36
2774,157,182,33
2782,145,184,30
2778,137,171,31
2774,129,164,27
2778,124,163,33
2774,117,172,19
2778,104,183,23
2710,101,178,20
2726,85,185,27
2718,85,194,30
2710,82,199,35
2726,83,204,35
2718,81,211,42
2714,80,211,41
2714,78,217,41
2714,72,226,45
2710,68,226,51
2714,72,220,41
2710,70,222,41
2714,63,201,49
2714,58,200,46
2706,55,204,41
2714,59,201,36
2722,57,204,32
2714,51,207,32
2718,54,202,33
2718,47,208,36
2710,48,213,36
2726,52,205,35
2710,44,213,36
2714,49,212,36
2718,50,214,37
2718,48,215,39
2710,54,213,38
2730,52,213,39
2714,55,207,38
2710,58,206,35
2722,51,206,31
2714,52,209,31
2718,48,214,33
2714,49,206,27
2718,48,204,36
2710,49,206,34
2714,55,207,35
2706,56,204,36
2714,62,205,35
2714,67,208,27
2710,53,212,30
2718,49,209,36
2718,59,198,36
2710,60,190,43
2714,66,191,39
2718,78,194,40
2710,80,193,41
2718,84,196,43
2722,83,199,40
2710,86,203,41
2726,94,191,39
2718,87,192,38
2710,90,200,44
2730,81,207,38
2714,70,221,41
2710,62,225,44
2722,51,229,52
2722,44,240,54
2714,36,246,52
2714,23,253,48
2718,15,251,46
2654,0,254,45
2682,-6,245,43
2718,-6,235,35
2722,-16,240,26
2734,-18,243,27
2722,-14,238,26
2730,-15,224,21
2738,-12,226,22
2718,-3,222,20
2674,3,219,21
2670,8,213,19
2666,16,219,14
2670,19,223,12
2662,22,213,13
2670,16,205,25
2718,17,200,26
2710,16,209,28
2734,22,208,28
2718,22,216,31
2710,28,222,35
2730,28,230,35
2718,27,233,36
2714,24,232,36
2722,21,238,44
2714,20,241,42
2714,14,251,42
2662,12,240,46
2658,7,247,44
2670,7,240,36
2670,5,234,31
2674,3,235,30
2690,0,236,26
2670,-2,235,27
2678,1,233,26
2674,-2,231,26
2666,-3,228,30
2686,-2,231,26
2678,-8,237,29
2722,2,232,23
2674,-10,235,24
2734,-8,242,23
2718,-3,243,29
2678,-8,243,19
2722,-2,235,28
2674,-2,238,30
2674,-1,236,29
2670,4,242,28
2682,14,231,28
2666,24,224,36
2710,33,227,40
2714,55,222,38
2710,71,223,36
2718,93,221,40
2722,95,242,44
2706,91,226,36
2714,92,211,45
2714,90,217,44
2702,87,214,40
2718,89,209,42
2726,89,213,41
2710,87,223,36
2722,77,224,30
2718,76,225,34
2710,66,229,40
2726,60,222,39
2710,31,239,35
2710,12,245,34
2674,3,246,43
2666,-10,249,44
2730,-16,250,45
2730,-20,255,43
2722,-26,257,41
2722,-27,260,38
2726,-35,261,38
2722,-34,250,31
2726,-41,232,39
2726,-45,222,31
2714,-42,218,32
2734,-35,215,31
2726,-26,217,36
2714,-15,219,35
2722,-11,222,37
2726,-11,224,36
2714,-16,224,34
2734,-14,219,34
2722,-16,222,33
2722,-26,220,34
2726,-28,213,40
2730,-23,213,39
2714,-27,213,43
2726,-31,209,42
2734,-33,209,40
2718,-34,213,38
2726,-35,216,37
2734,-40,209,39
2718,-46,217,40
2730,-34,201,35
2722,-30,204,37
2718,-25,201,34
2738,-34,208,33
2734,-49,220,31
2718,-60,230,30
2730,-72,233,29
2726,-75,232,28
2714,-73,233,26
2734,-70,233,25
2726,-77,246,30
2726,-75,244,29
2734,-71,251,35
2718,-76,254,36
2726,-73,251,35
2730,-73,244,38
2726,-64,245,41
2722,-61,246,43
2734,-53,248,42
2722,-49,252,47
2722,-47,260,46
2734,-43,265,40
2722,-34,254,42
2714,-31,249,41
2742,-21,235,41
2718,-14,224,37
2722,-11,223,33
2734,-16,228,30
2726,-19,223,27
2718,-24,219,30
2742,-27,212,28
2718,-35,225,30
2722,-33,232,32
2734,-45,224,28
2734,-46,225,26
2718,-50,228,25
2726,-50,227,28
2726,-48,224,26
2718,-46,220,27
2730,-41,210,22
2722,-44,213,21
2722,-41,203,28
2726,-46,204,27
2730,-45,216,30
2726,-36,214,28
2718,-23,215,31
2726,-15,216,32
2718,-9,218,36
2722,-7,221,37
2730,-7,220,40
2718,-8,226,39
2726,-2,229,47
2666,15,235,52
2670,9,223,43
2674,19,228,46
2706,37,225,54
2722,46,227,57
2718,53,231,57
2710,61,236,62
2726,68,240,59
2718,67,250,63
2714,71,254,64
2722,72,250,64
2718,66,257,60
2710,73,253,55
2714,64,253,59
2722,49,248,55
2710,46,245,54
2714,44,247,52
2714,40,245,51
2714,36,237,51
2714,32,235,50
2710,31,231,47
2722,39,218,40
2718,39,240,46
2706,38,227,40
2714,54,222,37
2722,59,208,34
2710,60,207,38
2722,62,211,39
2714,61,213,43
2710,60,220,43
2730,58,220,41
2718,46,222,43
2710,40,226,43
2722,35,223,41
2722,40,206,43
2706,28,222,46
2714,23,217,41
2714,22,223,42
2710,17,224,43
2714,16,231,39
2714,9,226,36
2662,8,223,35
2666,9,215,30
2666,5,220,33
2682,11,214,34
2666,1,214,30
2670,4,215,25
2674,2,219,31
2674,2,219,24
2678,6,220,24
2662,5,220,25
2670,3,223,28
2678,8,224,28
2658,6,223,33
2658,6,219,31
2666,8,222,31
2658,7,215,32
2658,12,211,30
2654,17,212,32
2714,22,208,28
2722,22,217,33
2714,19,217,34
2722,30,211,37
2718,36,208,36
2714,39,212,36
2722,42,211,39
2718,48,215,39
2710,42,220,45
2730,42,223,40
2718,38,224,41
2710,42,220,42
2726,31,224,40
2722,32,227,46
2706,36,227,43
2718,33,232,43
2718,28,238,41
2710,26,244,44
2718,18,243,48
2714,22,248,49
2714,19,244,48
2714,11,248,46
2658,20,246,52
2714,21,244,47
2722,19,240,45
2710,21,249,47
2718,20,249,42
2714,24,244,45
2706,24,241,49
2730,25,243,47
2714,30,245,50
2710,35,245,48
2722,44,248,50
2718,49,252,47
2714,48,252,45
2726,41,256,49
2718,50,248,52
2706,48,254,47
2714,46,250,48
2718,46,250,48
2714,45,244,45
2718,48,244,44
2714,50,239,46
2722,47,250,40
2726,52,246,33
2710,51,236,35
2714,48,227,38
2722,44,227,38
2706,43,227,36
2714,41,238,35
2714,41,235,35
2710,42,242,33
2722,42,242,27
2714,47,241,27
2702,45,244,29
2730,48,240,25
2718,57,225,35
2710,57,239,33
2722,57,250,29
2718,65,242,29
2710,63,245,26
2726,64,248,28
2718,65,247,26
2714,62,247,25
2714,64,242,29
2718,65,250,19
2710,67,246,17
2718,67,254,20
2710,67,259,11
2670,64,251,16
2722,61,254,12
2670,56,258,9
2674,59,258,9
2678,59,263,9
2658,58,272,9
2674,61,269,8
2662,64,268,6
2674,61,264,-2
2698,62,266,-3
2682,56,258,-4
2742,54,257,-6
2738,57,246,-13
2722,59,259,-12
2750,65,260,-15
2734,66,264,-18
2734,62,266,-14
2750,58,266,-19
2730,52,274,-20
2734,51,278,-21
2742,51,272,-24
2742,50,272,-25
2734,52,264,-26
2738,47,270,-35
2738,43,263,-34
2726,42,255,-34
2738,39,250,-36
2730,39,242,-37
2738,46,229,-45
2734,42,233,-47
2734,43,226,-48
2730,51,230,-46
2734,55,220,-55
2734,51,211,-54
2734,60,206,-56
2738,59,201,-55
2734,63,199,-59
2734,61,195,-60
2738,58,198,-61
2734,57,204,-60
2730,49,218,-62
2730,44,225,-56
2742,37,237,-61
2726,27,237,-57
2730,21,238,-56
2742,18,231,-59
2730,24,227,-60
2734,24,219,-62
2734,24,214,-66
2746,31,214,-68
2730,27,201,-68
2734,29,204,-74
2730,28,196,-72
2730,20,191,-70
2734,31,188,-73
2738,35,187,-74
2726,40,189,-75
2734,44,189,-72
2734,52,189,-68
2734,54,194,-72
2734,61,192,-68
2738,64,174,-59
2726,54,190,-67
2734,60,199,-60
2738,64,200,-59
2730,61,198,-57
2746,58,202,-55
2730,56,202,-52
2734,56,200,-51
2746,59,204,-50
2734,58,199,-50
2730,52,203,-48
2742,61,193,-53
2730,54,197,-49
2734,58,190,-54
2742,58,188,-51
2734,61,189,-49
2730,58,192,-47
2742,57,199,-38
2738,58,210,-39
2726,57,211,-37
2738,54,214,-36
2746,59,212,-37
2726,67,207,-31
2734,67,211,-33
2742,65,206,-30
2734,68,201,-32
2734,67,195,-27
2734,68,188,-28
2734,70,190,-22
2738,77,178,-28
2734,90,180,-27
2726,84,180,-17
2734,101,166,-22
2734,95,162,-16
2734,88,163,-12
2730,83,169,-10
2738,80,176,-7
2730,72,184,-1
2694,71,194,1
2694,63,205,7
2666,55,217,8
2674,46,222,19
2718,51,227,13
2662,30,230,13
2670,21,236,11
2662,17,237,15
2670,10,231,19
2666,12,232,19
2658,16,228,18
2722,22,226,22
2714,26,224,28
2714,30,218,33
2714,34,220,31
2710,38,215,31
2722,34,210,31
2714,51,206,33
2706,53,206,41
2714,69,202,34
2714,73,202,38
2706,81,206,40
2714,83,206,45
2722,92,209,50
2706,98,210,51
2722,99,215,53
2714,100,227,54
2714,85,236,57
2734,96,239,56
2718,93,237,54
2710,84,228,57
2726,79,230,60
2718,73,231,63
2710,70,234,61
2722,65,244,60
2722,66,250,57
2710,66,252,49
2714,69,244,52
2726,65,251,50
2706,60,246,49
2722,53,236,50
2706,51,228,45
2714,45,239,45
2722,37,243,43
2710,25,243,42
2714,13,249,42
2666,5,246,40
2670,1,235,45
2690,-10,242,56
2726,-12,226,51
2718,-8,211,49
2730,-2,204,42
2678,10,193,53
2658,21,184,51
2718,29,178,57
2710,35,165,61
2718,42,153,60
2718,42,148,63
2706,48,150,63
2714,50,148,68
2726,49,140,69
2706,55,151,72
2718,57,153,74
2714,39,165,73
2710,33,177,80
2726,37,192,83
2714,42,210,88
2706,45,234,91
2730,42,256,90
2710,41,270,94
2710,36,282,98
2714,35,291,98
2714,27,302,104
2710,23,315,112
2774,25,321,115
2766,7,333,110
2710,5,332,105
2670,5,324,102
2670,4,322,101
2678,5,313,99
2682,4,313,91
2666,6,301,93
2678,3,295,86
2674,4,288,88
2674,-15,295,93
2730,-16,271,68
2718,-20,267,73
2730,-12,231,64
2722,-21,226,62
2714,-22,228,58
2734,-18,223,56
2718,-19,218,51
2722,-22,210,55
2718,-34,212,53
2726,-37,212,50
2718,-28,200,44
2726,-33,195,40
2726,-26,185,27
2714,-23,184,29
2722,-16,189,29
2730,-7,196,35
2714,-2,204,36
2674,2,217,36
2674,3,222,40
2670,-2,229,39
2678,-7,239,40
2722,-3,243,40
2674,-10,226,41
2722,-8,233,47
2718,8,225,47
2666,9,220,48
2666,16,222,50
2710,24,225,56
2730,33,230,54
2710,43,232,59
2710,49,237,64
2722,59,232,69
2718,56,230,71
2710,61,227,76
2722,68,232,67
2718,61,235,69
2714,63,226,68
2722,59,222,68
2710,58,221,69
2718,51,222,70
2722,51,222,71
2706,49,221,70
2714,42,224,73
2722,44,226,71
2710,48,227,81
2714,43,236,84
2726,39,252,73
2710,43,249,74
2722,38,246,71
2710,36,245,70
2710,35,245,69
2726,34,245,68
2718,38,239,67
2710,42,245,68
2726,42,248,61
2718,36,250,62
2710,41,249,60
2722,34,242,64
2718,32,239,56
2714,34,237,57
2714,29,240,59
2718,28,236,55
2710,31,233,53
2714,36,230,56
2710,38,234,55
2714,35,235,55
2718,41,227,60
2714,38,244,68
2714,47,233,66
2714,39,240,72
2710,38,240,67
2718,37,239,70
2726,35,243,68
2706,27,245,72
2718,22,248,69
2718,20,240,71
2710,27,232,71
2730,22,227,61
2714,29,228,73
2710,32,245,68
2726,26,241,72
2718,21,243,72
2714,23,245,74
2714,18,242,76
2714,21,248,73
2710,19,250,76
2722,17,262,76
2722,19,277,80
2710,19,286,82
2722,15,302,82
2666,6,324,95
2658,9,315,91
2662,5,301,90
2678,7,275,85
2670,5,262,79
2670,-4,246,76
2726,-2,240,68
2674,1,225,68
2666,-2,229,64
2674,-3,241,62
2674,1,240,55
2674,-15,250,55
2730,-9,262,55
2726,-2,242,48
2674,11,238,44
2666,17,232,44
2710,24,227,40
2714,31,224,35
2726,28,222,33
2710,36,228,34
2730,45,226,32
2718,47,229,25
2710,47,236,31
2726,45,249,23
2714,50,239,23
2710,51,231,20
2730,51,229,19
2714,51,226,20
2710,50,223,19
2730,49,224,15
2678,50,216,20
2710,44,221,16
2722,42,229,11
2662,31,230,14
2674,38,228,13
2682,39,224,15
2666,33,228,12
2686,28,226,16
2714,28,227,13
2662,26,224,16
2714,22,222,14
2662,24,222,12
2670,21,222,12
2682,22,224,13
2666,20,222,10
2674,20,220,9
2670,16,218,14
2666,20,215,10
2682,8,236,10
2618,12,220,12
2630,6,225,12
2614,18,218,7
2678,19,213,10
2678,16,212,8
2666,16,211,7
2678,19,207,7
2662,15,207,10
2618,16,209,7
2674,17,205,4
2686,14,203,6
2622,9,206,7
2610,17,204,8
2678,8,214,9
2610,11,216,15
2618,4,223,15
2630,1,219,12
2618,-3,234,14
2622,0,235,22
2678,1,238,18
2682,1,244,20
2678,0,245,22
2670,-1,245,23
2670,-7,249,26
2726,0,246,29
2674,0,252,31
2674,-5,252,17
2718,1,246,25
2686,-9,252,33
2718,-6,253,26
2722,-6,241,20
2734,-8,245,20
2722,-9,246,18
2722,-7,241,20
2734,-7,243,20
2722,-9,245,21
2718,-5,251,21
2742,-5,255,16
2726,6,239,18
2658,-8,249,20
2726,0,252,22
2666,2,247,21
2674,-4,252,24
2726,-9,260,26
2726,-16,262,24
2726,-23,267,27
2730,-26,262,24
2718,-33,265,22
2726,-35,255,24
2726,-39,255,29
2722,-51,256,27
2718,-46,263,24
2734,-46,242,18
2722,-46,238,20
2734,-47,231,18
2734,-44,226,19
2718,-41,224,14
2674,-41,226,12
2674,-38,226,12
2674,-39,222,16
2718,-39,224,15
2678,-36,232,14
2674,-35,217,11
2674,-35,230,10
2666,-36,226,14
2686,-33,224,10
2678,-31,228,13
2670,-31,229,15
2678,-42,237,20
2722,-48,238,19
2730,-50,235,9
2674,-53,245,14
2666,-51,228,16
2730,-57,232,18
2722,-54,229,16
2714,-51,225,17
2738,-49,226,7
2674,-54,226,8
2670,-56,229,8
2674,-60,232,8
2666,-62,233,9
2674,-67,231,11
2686,-64,227,11
2666,-63,233,9
2682,-66,233,3
2702,-66,234,6
2670,-69,238,11
2674,-71,229,0
2686,-73,229,-3
2690,-69,230,7
2674,-70,227,3
2690,-71,227,4
2690,-62,230,1
2682,-63,234,0
2698,-62,245,-4
2750,-56,243,3
2682,-57,243,6
2682,-56,234,9
2682,-68,250,6
2666,-70,251,1
2698,-66,253,3
2694,-71,250,-2
2686,-65,242,-1
2690,-66,237,-4
2734,-63,243,-1
2694,-71,248,0
2694,-73,250,-2
2690,-78,245,-5
2750,-84,246,-5
2754,-87,244,-5
2746,-92,242,-7
2746,-92,242,1
2694,-97,250,6
2726,-89,261,6
2674,-88,261,3
2690,-88,258,8
2670,-91,255,11
2690,-89,261,11
2666,-89,259,8
2674,-89,260,8
2678,-91,248,6
2666,-91,246,8
2682,-81,245,6
2674,-88,262,2
2690,-82,258,9
2670,-81,265,13
2670,-66,264,14
2678,-64,261,15
2682,-62,260,17
2718,-68,258,16
2734,-78,248,8
2674,-84,236,7
2666,-84,211,-2
2690,-74,191,-7
2738,-68,191,-8
2746,-61,195,-9
2750,-45,185,-17
2742,-50,191,-8
2738,-54,196,-12
2738,-58,199,-5
2742,-60,196,-6
2742,-65,194,-2
2698,-80,203,2
2694,-91,200,2
2686,-112,201,4
2758,-129,222,16
2778,-123,210,14
2730,-130,222,9
2738,-137,230,9
2730,-137,230,13
2730,-139,228,16
2786,-134,225,22
2782,-134,227,22
2778,-131,219,33
2778,-126,226,36
2786,-121,232,34
2786,-109,248,32
2774,-103,249,34
2778,-103,241,41
2782,-100,238,42
2774,-96,231,43
2774,-93,225,42
2734,-88,203,40
2718,-94,185,28
2774,-91,186,17
2726,-83,182,5
2686,-53,155,-16
2742,-29,141,-15
2750,-14,139,-15
2742,4,142,-12
2690,16,151,-8
2734,30,154,-5
2734,47,154,3
2698,54,174,12
2674,61,166,16
2710,52,176,24
2722,44,183,17
2714,19,192,24
2714,8,200,30
2674,-2,213,34
2674,-9,224,41
2722,-21,232,47
2718,-29,249,50
2738,-38,256,56
2718,-42,262,67
2726,-44,268,61
2730,-45,275,67
2726,-48,278,55
2726,-27,263,53
2714,-22,267,53
2730,-15,267,51
2722,-20,268,52
2714,-20,262,49
2726,-11,256,51
2726,-2,243,36
2670,27,215,32
2714,55,202,23
2714,75,190,9
2658,96,188,2
2690,92,151,-9
2734,78,136,-23
2730,71,112,-25
2742,69,96,-26
2690,72,96,-20
2678,81,105,-22
2682,85,126,-21
2734,85,152,-14
2734,89,176,-9
2742,95,181,-3
2690,77,202,3
2686,57,243,22
2714,54,245,28
2718,46,247,29
2718,36,251,32
2722,29,254,33
2710,23,251,30
2718,20,251,35
2714,18,249,32
2714,13,253,29
2674,16,242,20
2718,24,253,29
2706,15,251,17
2666,8,250,14
2610,7,240,1
2638,8,229,-8
2690,26,206,-22
2730,54,176,-33
2738,81,151,-43
2734,105,137,-49
2730,131,140,-57
2802,146,137,-59
2798,157,137,-56
2786,173,151,-52
2794,176,158,-46
2794,171,178,-40
2798,162,199,-27
2798,153,217,-19
2798,137,246,-9
2798,127,276,0
2750,122,286,7
2722,108,307,19
2782,67,340,39
2714,64,348,41
2710,57,348,44
2714,49,347,48
2718,51,344,49
2710,50,337,52
2718,59,333,50
2710,64,337,41
2718,80,345,41
2714,77,335,26
2710,82,318,20
2714,76,283,15
2674,74,263,12
2670,69,256,7
2678,73,244,4
2690,81,231,-3
2686,95,226,-11
2734,113,218,-12
2794,131,217,-20
2790,140,209,-22
2806,141,220,-19
2802,135,228,-11
2798,126,224,1
2742,117,230,4
2746,104,235,9
2670,92,250,11
2666,86,255,17
2718,75,266,17
2710,64,281,22
2714,69,283,22
2718,46,306,22
2714,39,285,20
2718,20,278,33
2722,13,283,34
2662,15,282,30
2670,17,273,28
2718,23,270,25
2710,31,260,19
2722,42,251,19
2714,45,250,14
2670,51,239,20
2722,54,234,14
2666,59,228,13
2666,52,224,4
2690,53,211,-2
2682,52,204,-6
2730,56,195,-5
2738,59,195,-5
2730,68,198,-3
2694,75,207,1
2686,86,220,-3
2682,81,231,-13
2738,71,246,-9
2726,61,258,7
2670,50,249,14
2678,35,256,16
2718,25,273,30
2726,15,277,32
2662,11,282,34
2666,8,281,33
2662,5,275,39
2670,3,262,25
2682,1,264,33
2682,5,248,32
2666,5,250,29
2690,1,257,20
2674,7,251,23
2658,17,236,22
2714,15,246,16
2658,21,250,18
2722,27,244,19
2722,26,235,22
2710,31,238,20
2722,33,238,14
2674,34,239,12
2662,27,233,16
2722,21,234,14
2670,25,219,16
2718,19,225,21
2718,21,225,11
2670,17,230,15
2666,9,236,6
2630,0,244,10
2622,-9,246,10
2670,-16,242,8
2674,-21,247,7
2682,-27,246,9
2674,-29,251,12
2674,-42,256,24
2718,-49,262,26
2738,-44,250,12
2670,-47,235,7
2674,-48,228,9
2674,-46,215,8
2678,-51,220,13
2674,-44,220,11
2666,-39,219,9
2674,-36,216,8
2670,-32,216,5
2698,-30,211,7
2682,-37,219,13
2666,-34,220,10
2682,-29,215,14
2674,-31,223,9
2670,-22,214,3
2698,-34,223,4
2690,-21,212,11
2678,-12,210,6
2678,-23,214,3
2686,-23,209,6
2674,-23,210,8
2666,-26,212,8
2674,-23,213,10
2674,-19,217,6
2674,-19,222,12
2686,-27,230,4
2690,-26,222,8
2670,-20,227,16
2718,-29,236,8
2670,-31,230,10
2678,-34,227,10
2682,-41,220,5
2690,-40,214,6
2678,-38,211,3
2698,-43,207,5
2686,-41,212,1
2694,-41,208,2
2682,-44,214,-2
2690,-45,207,-6
2750,-38,217,11
2666,-48,213,0
2706,-63,215,8
2670,-50,222,4
2690,-61,231,8
2674,-62,228,8
2666,-64,229,9
2678,-60,229,12
2682,-61,229,11
2666,-58,238,14
2690,-54,233,12
2678,-49,234,19
2718,-50,240,24
2726,-36,231,21
2722,-31,237,19
2718,-32,240,21
2726,-12,234,22
2730,-12,239,26
2730,-10,238,25
2726,-4,239,24
2718,-3,237,24
2674,2,233,21
2674,-1,236,21
2674,5,226,24
2682,2,237,29
2670,1,227,22
2670,0,228,21
2674,-7,231,14
2666,-3,227,17
2678,-10,222,10
2670,-8,222,13
2670,-7,216,13
2678,-12,219,16
2730,-9,219,17
2722,-9,221,8
2670,-17,229,8
2670,-12,220,16
2730,-11,219,8
2678,-21,223,13
2670,-23,226,15
2682,-26,225,13
2678,-30,228,16
2722,-29,226,15
2670,-31,229,14
2670,-33,227,18
2722,-32,229,21
2726,-33,229,22
2718,-34,231,18
2726,-25,224,23
2734,-22,223,21
2718,-31,233,22
2722,-20,227,19
2734,-24,230,24
2718,-21,229,21
2738,-19,228,21
2734,-13,230,19
2718,-12,230,21
2730,-9,225,20
2726,-16,229,22
2718,-12,227,19
2734,-16,226,21
2722,-11,234,25
2722,-15,221,15
2678,-13,222,19
2730,-14,218,19
2718,-17,226,15
2690,-18,217,12
2682,-18,218,16
2718,-15,235,25
2726,-25,226,22
2726,-23,233,14
2670,-23,247,18
2726,-29,228,13
2666,-33,232,27
2726,-18,218,24
2730,-15,225,9
2670,-11,224,16
2730,-10,224,15
2674,-14,220,12
2674,-15,237,17
2718,-18,225,13
2670,-19,224,11
2678,-17,218,14
2670,-14,213,20
2714,-19,208,15
2674,-26,205,18
2726,-20,221,16
2714,-13,225,17
2734,-17,224,13
2674,-18,226,24
2726,-10,231,17
2730,-20,225,11
2674,-14,234,18
2718,-5,243,22
2726,-15,236,21
2722,-15,230,23
2722,-7,229,21
2726,-9,227,19
2718,-17,233,17
2726,-13,225,19
2726,-17,223,19
2722,-23,225,19
2726,-22,216,14
2678,-10,207,14
2674,-17,223,23
2734,-19,210,7
2682,-7,220,14
2670,-9,233,30
2734,-11,223,10
2678,0,217,12
2622,4,222,10
2626,9,218,7
2622,8,213,9
2622,6,214,11
2614,5,225,11
2630,0,224,15
2626,-3,226,15
2626,-7,227,18
2730,-9,227,17
2718,-14,225,19
2726,-16,225,19
2722,-27,235,26
2718,-25,221,21
2734,-25,232,19
2730,-22,229,17
2722,-24,225,15
2678,-20,225,15
2678,-22,225,13
2670,-18,219,9
2678,-16,223,7
2666,-20,224,9
2678,-14,225,9
2686,-16,237,6
2666,-15,239,6
2690,-24,231,9
2670,-30,226,10
2674,-28,229,10
2674,-32,228,11
2666,-38,225,8
2682,-42,226,8
2670,-45,223,13
2666,-43,225,14
2674,-36,226,11
2670,-37,229,9
2682,-34,234,17
2722,-20,231,14
2670,-21,229,8
2674,-14,227,14
2686,-17,236,21
2718,-10,238,10
2678,-9,232,11
2666,-9,228,14
2678,-6,225,12
2678,-1,226,9
2618,-7,223,13
2674,-7,222,10
2674,-5,223,13
2670,0,225,16
2678,-14,213,10
2666,-9,227,10
2670,-15,226,10
2670,-11,222,13
2670,-10,229,16
2730,-5,232,15
2670,-7,235,13
2686,-6,235,16
2734,-8,237,16
2722,-8,245,21
2726,-23,238,14
2678,-27,234,12
2670,-17,230,18
2718,-13,239,20
2738,-17,249,10
2674,-14,234,20
2722,-13,232,7
2662,-7,227,10
2678,-3,216,10
2618,-7,215,2
2686,-6,215,6
2670,-6,212,8
2674,-4,210,7
2678,-10,214,5
2702,-1,207,5
2626,-1,207,10
2622,8,219,16
2662,28,234,24
2718,6,238,15
2626,-19,249,13
2666,-8,216,11
2670,-7,212,13
2666,-13,219,11
2674,-12,223,15
2678,-4,229,17
2718,2,227,19
2690,-5,237,20
2730,-3,238,17
2670,-3,243,16
2674,-6,228,25
2730,10,234,15
2622,-3,227,15
2618,-2,236,22
2670,-4,234,20
2722,-6,237,22
2730,-2,228,20
2666,-1,235,21
2670,-6,239,23
2718,-4,239,22
2734,-4,229,23
2722,-8,227,16
2718,-1,225,17
2678,-5,231,14
2678,-5,215,21
2718,-4,216,16
2734,-7,225,13
2674,-4,219,11
2670,-3,217,12
2622,1,217,15
2622,3,220,16
2690,3,219,14
2626,4,221,14
2614,4,220,11
2626,2,227,12
2622,-2,219,17
2674,1,214,17
2674,-6,227,21
2722,-8,216,15
2674,-3,222,18
2670,2,221,17
2686,1,224,15
2610,3,227,16
2674,4,229,16
2674,5,229,20
2674,2,228,18
2682,-3,235,22
2674,-4,238,19
2722,-4,230,18
2722,1,232,25
2674,-10,240,22
2730,3,227,15
2626,-4,232,20
2714,-6,231,19
2734,-8,230,15
2682,-4,229,14
2670,-4,227,17
2734,-6,232,17
2726,-8,234,21
2718,-9,232,22
2742,-11,237,24
2726,-3,245,18
2662,-4,248,22
2726,-3,242,21
2666,-10,242,18
2726,-12,232,18
2718,-10,234,19
2726,-8,230,18
2722,-8,226,19
2730,-1,229,18
2670,3,226,15
2630,3,236,18
2674,4,228,18
2670,6,232,15
2622,2,224,18
2674,7,223,13
2622,11,217,15
2610,10,226,17
2662,12,225,15
2622,15,220,17
2658,13,222,17
2666,14,219,9
2610,12,209,10
2618,12,203,15
2614,9,205,17
2670,5,211,10
2626,2,220,17
2674,9,211,11
2630,15,208,12
2610,5,225,19
2678,-2,227,16
2674,-2,232,20
2666,6,230,15
2622,2,226,17
2666,5,229,17
2678,5,229,19
2670,4,230,22
2670,6,233,18
2662,4,237,16
2670,6,235,22
2662,7,236,22
2674,1,239,21
2666,-2,239,20
2686,-2,242,28
2670,-8,240,25
2726,-6,242,19
2726,-13,252,17
2722,-6,235,18
2722,-7,234,18
2730,-4,229,18
2726,-5,231,19
2722,-3,231,15
2630,-3,224,14
2614,4,218,13
2634,3,225,15
2618,10,219,15
2614,2,223,17
2674,6,220,10
2606,11,221,17
2666,11,220,18
2658,10,221,10
2630,11,225,22
2662,7,223,18
2666,7,222,19
2670,9,224,16
2658,12,222,21
2670,18,218,26
2718,10,225,20
2662,14,225,15
2626,12,214,13
2614,14,221,17
2674,14,220,26
2666,26,212,18
2714,14,226,17
2670,14,224,23
2654,10,229,17
2666,3,225,19
2674,6,222,21
2658,7,225,20
2670,6,226,20
2662,5,228,18
2678,3,229,16
2670,7,230,20
2666,8,228,20
2658,1,227,17
2670,4,239,28
2678,6,225,15
2638,6,228,14
2610,0,226,15
2630,-1,229,26
2666,6,226,14
2630,1,229,16
2674,4,220,13
2618,4,224,20
2674,6,227,17
2666,2,229,18
2682,6,228,17
2666,3,228,15
2610,6,226,17
2666,1,235,24
2666,-1,228,24
2682,0,223,25
2678,6,236,23
2654,1,226,20
2674,6,231,19
2662,5,227,23
2682,10,231,26
2662,9,227,20
2658,10,225,19
2666,6,228,19
2658,8,221,21
2674,4,220,22
2674,3,222,20
2670,4,218,17
2670,4,227,23
2670,8,224,17
2658,5,226,16
2674,10,221,25
2654,5,229,22
2674,8,228,24
2658,9,228,24
2658,7,227,21
2666,6,226,21
2658,7,224,21
2670,6,222,20
2658,5,225,23
2674,7,226,21
2674,10,229,23
2666,5,240,19
2674,10,231,23
2662,7,233,23
2670,-1,247,21
2678,1,236,26
2674,4,234,16
2674,3,230,18
2678,7,229,18
2662,7,226,17
2670,6,229,19
2654,7,233,18
2666,12,231,18
2662,11,233,19
2658,8,227,21
2666,13,229,16
2658,10,228,16
2674,7,226,20
2658,5,222,17
2670,18,217,21
2714,10,221,19
2666,11,219,19
2670,14,221,20
2666,9,229,16
2658,8,224,12
2626,9,221,17
2662,11,218,17
2666,10,228,16
2666,10,224,22
2658,11,226,19
2670,15,224,21
2662,20,223,16
2714,23,220,18
2718,17,227,21
2714,11,229,26
2666,15,235,24
2662,12,232,21
2654,11,238,23
2666,9,229,20
2662,7,226,24
2662,5,225,20
2674,8,228,22
2654,12,221,24
2670,5,230,22
2662,0,232,25
2678,5,231,24
2670,3,229,21
2674,2,229,14
2622,10,226,19
2658,7,225,19
2666,7,226,18
2662,6,231,12
2618,6,230,11
2622,7,230,14
2610,7,227,16
2670,1,230,15
2618,-3,236,18
2670,1,238,12
2634,-9,234,18
2714,4,237,10
2638,-6,229,11
2670,3,214,13
2630,-14,235,17
2738,-9,230,13
2670,-6,222,13
2678,-4,223,16
2734,1,230,18
2670,1,233,20
2670,4,237,19
2670,7,235,20
2666,11,230,19
2666,16,231,21
2706,12,236,22
2682,18,221,21
2714,17,232,23
2710,14,224,19
2670,17,228,18
2706,21,223,20
2718,23,219,18
2714,20,225,20
2706,19,222,22
2722,21,227,18
2718,20,227,23
2710,14,230,20
2670,16,236,14
2678,14,233,16
2658,12,221,26
2670,8,229,29
2662,8,232,18
2666,12,222,19
2662,9,223,21
2654,10,220,21
2666,13,218,20
2658,14,222,18
2658,18,222,19
2714,15,231,27
2658,19,228,21
2714,7,234,22
2662,11,237,17
2666,13,223,24
2670,15,221,19
2666,0,222,18
2682,9,228,13
2618,6,231,17
2658,11,234,19
2666,11,232,13
2610,9,232,14
2630,13,227,16
2658,7,227,18
2666,5,244,24
2670,4,227,12
2614,5,224,13
2626,1,231,15
2626,14,221,7
2630,7,225,10
2614,-2,231,18
2682,3,231,18
2686,6,229,20
2658,3,234,25
2682,9,229,24
2658,9,232,26
2662,10,230,25
2666,12,229,20
2654,11,230,24
2674,10,226,27
2670,13,230,24
2666,9,231,30
2670,12,236,36
2662,14,246,26
2674,19,228,27
2714,9,227,23
2658,6,223,26
2670,7,218,21
2654,8,211,25
2666,11,215,23
2670,14,222,27
2662,17,216,26
2718,18,222,30
2710,23,224,28
2718,27,228,25
2718,27,227,28
2710,24,229,27
2722,24,226,25
2718,20,223,19
2710,18,227,21
2718,14,222,23
2666,13,224,22
2658,11,224,18
2674,12,226,24
2666,9,224,22
2666,9,228,23
2670,11,226,23
2654,7,232,23
2682,6,238,27
2662,3,230,17
2666,4,233,17
2678,-3,233,18
2666,-2,229,29
2682,-3,238,28
2674,-4,235,25
2722,-4,241,26
2738,-5,242,24
2722,-6,240,24
2718,-1,233,29
2678,5,224,27
2670,3,232,20
2682,14,219,23
2658,4,221,22
2666,8,214,22
2670,0,221,31
2678,9,227,27
2662,11,226,22
2666,16,226,22
2706,15,226,25
2670,19,223,30
2714,20,221,24
2714,19,224,30
2726,16,218,22
2718,13,226,21
2666,17,231,21
2718,15,238,23
2658,17,229,23
2722,11,223,20
2670,11,225,23
2658,12,226,22
2670,9,228,25
2666,8,226,24
2658,7,230,25
2666,8,235,25
2654,4,238,28
2678,3,243,22
2674,2,240,19
2666,1,240,20
2674,-7,242,22
2714,-14,244,26
2734,-4,234,18
2726,-5,236,19
2718,-7,228,22
2734,-4,230,23
2718,-3,230,18
2674,3,226,19
2674,4,231,20
2674,6,222,15
2618,1,221,18
2686,6,237,20
2658,9,236,21
2666,8,221,19
2666,6,216,20
2654,15,217,25
2666,13,217,22
2654,17,217,21
2718,19,214,26
2726,23,220,26
2710,27,221,25
2726,27,221,21
2714,27,213,19
2706,31,208,18
2730,29,219,19
2714,31,212,23
2706,27,214,25
2726,24,225,24
2718,26,221,26
2714,21,230,29
2718,18,230,26
2714,16,233,30
2706,14,235,30
2670,19,233,22
2706,9,232,28
2670,5,244,27
2682,1,232,33
2670,-3,230,22
2674,-6,236,22
2730,-3,229,25
2670,-3,236,21
2674,-8,239,20
2718,-10,231,19
2734,-6,233,22
2726,-3,226,23
2674,-9,240,17
2730,-9,222,24
2718,-16,240,25
2722,-5,233,16
2726,-15,231,15
2682,7,222,18
2662,3,226,15
2626,2,228,19
2670,5,223,20
2670,5,224,22
2682,7,222,18
2654,11,220,21
2674,13,226,23
2658,20,220,22
2714,19,218,24
2714,12,220,27
2658,16,232,31
2710,12,236,26
2666,18,223,26
2706,19,228,21
2730,18,227,26
2714,15,227,25
2658,14,229,24
2670,13,227,25
2654,11,230,21
2674,9,225,28
2658,12,222,22
2662,10,230,18
2666,8,235,20
2654,11,229,23
2666,8,227,23
2662,3,226,27
2666,6,229,24
2670,8,230,23
2658,6,230,25
2666,7,229,23
2666,3,234,26
2670,2,234,25
2670,6,230,21
2658,7,229,22
2666,6,230,31
2678,11,241,30
2658,1,246,22
2682,4,226,25
2674,1,242,22
2670,1,225,25
2678,-1,228,27
2674,2,230,25
2678,2,227,20
2678,6,219,21
2662,4,226,21
2682,6,226,20
2662,6,218,22
2662,6,224,20
2666,9,224,26
2662,7,228,22
2670,8,226,24
2662,6,229,23
2666,16,221,28
2714,11,224,26
2662,16,225,27
2726,15,219,28
2670,15,223,28
2658,15,220,30
2670,19,217,29
2706,19,223,28
2718,24,219,23
2726,23,231,30
2710,26,230,24
2718,23,236,30
2722,18,228,26
2714,14,224,21
2674,10,234,26
2670,11,227,23
2658,9,225,19
2666,2,227,22
2666,-2,232,26
2686,0,226,22
2678,-7,233,22
2722,3,229,24
2678,-2,237,16
2678,9,222,28
2662,6,236,25
2666,9,236,22
2662,-1,242,24
2682,1,226,21
2686,0,223,21
2666,-8,224,24
2718,-1,224,25
2678,-9,227,20
2722,-8,230,22
2726,-7,233,22
2722,-11,232,20
2730,0,221,22
2682,0,229,26
2674,4,235,34
2682,2,235,21
2682,5,232,23
2670,6,227,29
2666,7,234,25
2662,10,220,16
2670,17,226,18
2710,17,224,18
2714,21,231,21
2726,22,223,19
2718,18,230,14
2662,29,216,14
2670,26,216,19
2706,20,215,17
2718,17,221,13
2670,18,226,14
2662,17,225,12
2670,14,227,13
2610,18,226,14
2666,17,222,15
2678,11,228,17
2658,9,233,13
2634,7,234,16
2662,8,228,18
2666,7,222,12
2630,8,235,20
2658,4,230,23
2682,0,239,19
2666,7,226,19
2666,4,232,20
2686,6,232,20
2666,8,232,18
2674,6,234,19
2662,10,227,19
2658,10,227,20
2670,7,233,17
2658,11,228,16
2674,6,225,22
2666,14,220,16
2662,11,229,20
2670,16,224,10
2662,14,221,21
2674,17,228,17
2714,14,223,17
2658,14,223,16
2666,14,219,17
2654,14,221,17
2674,12,216,19
2666,11,224,19
2654,10,224,17
2666,11,229,17
2654,10,226,17
2666,15,227,20
2662,7,228,23
2654,6,227,24
2666,8,233,21
2654,6,234,21
2666,-1,230,24
2670,7,226,22
2666,8,225,18
2670,8,227,20
2658,7,226,22
2666,9,228,20
2662,8,229,18
2654,9,229,18
2666,9,240,15
2610,8,232,19
2666,6,230,24
2662,7,222,18
2654,12,224,20
2670,10,222,18
2658,7,225,15
2622,6,232,21
2666,7,224,19
2658,9,229,21
2666,10,227,20
2662,13,229,20
2670,13,232,21
2662,11,238,22
2662,18,235,18
2714,12,246,16
2658,7,237,20
2658,10,230,14
2622,9,226,19
2658,9,237,20
2666,5,230,21
2670,13,222,22
2658,12,227,18
2666,13,226,18
2658,14,225,18
2670,17,222,18
2714,14,225,20
2670,14,224,19
2678,13,234,20
2666,19,222,18
2730,22,223,20
2726,17,230,21
2706,22,226,19
2722,20,219,15
2670,19,221,13
2670,23,216,14
2670,22,220,15
2666,23,221,11
2674,21,221,14
2670,21,218,11
2662,20,219,12
2674,19,219,11
2662,13,223,15
2626,16,210,10
2666,14,220,14
2614,10,222,20
2666,12,219,19
2658,18,225,18
2726,9,237,21
2658,9,233,21
2658,13,233,20
2678,8,232,22
2658,6,235,21
2666,5,234,23
2674,8,233,20
2658,8,233,18
2670,9,233,17
2658,10,233,22
2662,6,242,23
2666,6,240,16
2662,11,242,14
2618,3,239,17
2670,2,237,18
2678,6,234,20
2666,7,231,16
2666,8,232,14
2626,9,228,16
2662,6,226,19
2670,7,225,16
2658,7,232,17
2654,9,220,17
2670,9,226,22
2662,9,221,20
2670,6,223,23
2666,9,225,21
2658,20,225,20
2718,16,221,18
2714,12,224,20
2666,11,222,22
2670,9,217,22
2658,10,217,22
2674,19,218,18
2718,21,226,22
2710,15,229,21
2670,19,229,27
2706,13,227,26
2666,21,216,22
2718,26,223,26
2706,21,226,26
2722,23,223,27
2718,18,225,28
2710,21,225,26
2722,23,224,26
2722,26,223,25
2714,24,225,26
2726,22,226,30
2718,18,231,29
2710,17,231,22
2722,14,229,26
2670,10,244,22
2658,10,236,19
2658,11,230,18
2654,8,230,16
2674,7,228,18
2662,6,229,16
2654,6,230,17
2666,7,230,17
2662,3,238,15
2638,6,231,16
2662,0,237,14
2618,8,234,16
2670,16,219,20
2710,13,233,19
2678,12,232,13
2630,13,220,18
2654,15,223,19
2666,12,229,19
2658,14,225,19
2674,16,226,22
2718,21,224,18
2710,19,222,22
2714,17,229,21
2714,16,226,19
2710,20,230,29
2722,17,219,20
2714,19,227,16
2718,23,216,23
2714,23,214,22
2710,21,221,22
2718,28,218,23
2714,29,222,22
2714,35,218,20
2714,35,221,21
2718,38,210,21
2714,39,219,20
2718,39,208,15
2674,40,222,22
2710,26,226,21
2722,23,222,20
2722,19,222,21
2710,20,218,22
2734,19,222,23
2718,18,227,24
2710,21,222,23
2718,19,228,21
2714,22,224,26
2710,17,230,26
2722,9,236,38
2666,-1,234,31
2674,1,237,28
2678,3,240,30
2670,-3,242,27
2682,2,238,25
2678,-4,239,28
2714,-6,236,26
2726,-6,238,28
2730,-7,241,21
2714,0,234,27
2678,0,238,28
2666,-4,242,22
2722,0,240,23
2686,-6,240,24
2718,-1,236,21
2678,1,233,21
2674,2,234,22
2674,1,231,20
2674,3,232,23
2666,6,233,21
2670,7,230,20
2670,10,231,20
2662,4,226,26
2678,3,232,26
2670,11,229,24
2674,15,227,25
2678,24,223,28
2710,21,227,28
2726,23,228,30
2718,23,224,28
2714,22,228,22
2726,23,221,23
2714,21,227,23
2706,24,216,26
2722,25,217,38
2714,21,218,29
2706,25,219,26
2718,29,222,22
2718,28,223,23
2714,29,223,21
2722,28,223,22
2706,27,227,20
2718,28,217,18
2714,30,223,19
2710,31,224,17
2718,32,216,26
2714,38,220,20
2714,37,216,23
2714,30,215,19
2726,27,218,19
2710,23,217,20
2722,22,221,20
2714,20,224,18
2714,20,223,19
2734,19,219,20
2718,17,230,20
2710,18,213,20
2726,10,226,21
2662,10,234,18
2654,7,242,19
2666,4,239,23
2666,5,239,26
2682,6,237,24
2662,4,239,24
2670,0,243,26
2674,2,239,25
2666,3,242,24
2674,2,238,26
2674,1,240,25
2670,0,236,16
2678,8,236,15
2618,13,235,19
2658,5,236,20
2674,8,243,18
2658,-3,237,25
2670,5,233,22
2674,2,234,22
2674,5,234,19
2678,6,227,18
2662,6,223,20
2674,4,231,19
2666,10,234,28
2662,13,234,20
2666,11,234,17
2662,10,231,22
2674,11,220,15
2618,11,223,26
2662,8,223,20
2666,6,216,26
2658,12,214,28
2674,14,219,27
2658,14,220,29
2658,16,226,28
2718,16,228,35
2710,13,226,35
2666,14,229,30
2666,17,227,33
2710,21,228,31
2718,13,240,28
2658,24,238,30
2714,17,234,35
2718,11,233,37
2654,13,229,34
2662,11,234,35
2670,14,229,33
2658,14,225,35
2670,17,222,32
2710,14,222,33
2670,11,233,27
2670,11,223,38
2658,16,232,31
2722,21,223,34
2718,19,237,29
2710,15,223,28
2666,15,220,26
2654,9,226,29
2662,9,227,23
2674,7,225,22
2662,8,224,21
2670,10,225,22
2654,10,222,24
2670,10,223,24
2670,13,223,26
2658,4,234,24
2686,19,231,34
2722,5,225,16
2670,3,227,25
2674,12,228,25
2662,12,224,26
2666,9,226,25
2658,11,230,28
2654,13,230,25
2666,12,228,21
2654,13,227,24
2666,11,227,20
2662,14,226,25
2654,14,230,21
2666,12,233,16
2654,13,232,19
2666,12,224,21
2662,13,234,24
2654,11,233,20
2666,14,225,23
2658,16,225,26
2718,17,226,25
2722,18,228,28
2714,16,221,30
2726,11,237,32
2666,14,228,28
2662,19,222,29
2722,21,227,34
2718,19,220,37
2710,16,224,36
2714,20,222,24
2706,19,222,32
2718,21,218,32
2714,22,221,33
2710,18,226,33
2718,18,222,34
2714,20,225,29
2718,16,227,27
2718,14,225,32
2678,13,232,27
2658,9,233,32
2670,18,233,36
2722,7,233,34
2658,11,229,33
2670,10,230,32
2658,6,229,32
2666,6,230,28
2662,10,231,26
2658,8,224,24
2666,4,230,20
2666,4,235,21
2686,4,226,23
2670,3,228,27
2674,-1,232,30
2670,-4,240,23
2718,1,233,25
2678,5,228,24
2674,3,230,25
2670,4,232,26
2690,3,233,29
2678,5,228,23
2666,7,229,27
2658,11,227,26
2666,6,227,22
2670,6,233,22
2658,9,227,22
2666,2,238,30
2670,16,219,27
2718,8,227,26
2666,17,224,32
2726,15,222,31
2666,14,227,34
2678,15,220,34
2670,12,226,35
2654,14,224,35
2666,14,225,38
2658,15,228,37
2678,14,230,41
2662,17,228,30
2710,12,237,33
2674,21,220,40
2710,20,223,37
2710,22,223,35
2714,21,221,34
2710,23,222,32
2718,22,224,29
2730,21,219,28
2710,19,220,28
2722,18,223,32
2718,15,226,29
2654,12,225,34
2674,15,227,32
2658,9,234,24
2666,3,241,30
2678,4,235,26
2670,5,230,33
2690,4,233,26
2678,4,231,27
2674,5,240,24
2670,5,239,26
2674,5,238,21
2674,8,233,19
2666,5,239,20
2670,10,224,26
2666,7,231,16
2654,6,224,18
2670,7,221,19
2662,10,224,19
2654,5,229,26
2674,7,227,23
2662,7,229,20
2674,10,226,22
2674,8,224,24
2658,10,232,25
2674,9,229,31
2662,11,228,27
2658,15,223,27
2666,11,230,31
2666,24,225,27
2726,14,226,28
2666,22,226,27
2710,20,225,29
2714,19,223,28
2718,21,217,29
2710,24,217,28
2718,20,216,25
2714,22,216,28
2718,25,219,27
2718,28,217,38
2706,30,215,31
2718,22,228,36
2718,22,223,37
2718,34,216,30
2714,14,229,33
2670,15,229,32
2654,12,228,27
2666,12,231,30
2654,11,230,32
2666,9,230,32
2674,8,228,32
2658,9,235,33
2674,9,231,28
2662,7,231,19
2658,3,238,18
2674,7,233,24
2662,12,228,25
2674,6,234,24
2662,7,231,23
2662,6,230,17
2670,6,228,21
2658,5,229,26
2686,6,229,22
2666,6,228,25
2662,5,240,25
2682,10,237,22
2662,22,226,24
2722,16,226,27
2718,13,225,26
2654,16,222,21
2722,17,229,19
2718,15,229,19
2654,15,223,25
2666,18,228,21
2706,19,226,24
2718,22,222,25
2714,14,222,22
2658,12,221,26
2670,16,231,23
2718,26,224,27
2706,24,221,29
2722,25,228,27
2718,17,236,25
2710,13,235,32
2674,14,232,31
2658,13,229,30
2666,13,228,30
2662,12,229,29
2654,15,224,29
2666,12,225,28
2654,16,227,30
2718,13,219,27
2670,13,229,31
2658,12,228,24
2678,12,233,22
2658,20,218,28
2714,12,225,29
2662,16,226,26
2710,14,226,24
2666,17,223,25
2718,12,227,27
2666,16,230,26
2722,17,225,27
2714,18,225,28
2710,19,229,25
2718,12,231,27
2658,23,229,35
2718,15,232,33
2662,8,232,27
2654,12,231,27
2682,8,232,26
2670,11,231,24
2658,12,229,27
2670,14,227,28
2658,11,231,26
2670,13,235,26
2666,6,226,23
2658,13,237,23
2670,9,228,22
2662,16,221,24
2722,14,224,27
2666,19,226,20
2710,15,220,26
2674,17,224,24
2714,16,222,22
2710,14,227,24
2662,15,226,24
2654,18,221,27
2718,14,229,27
2678,13,226,31
2666,16,233,27
2726,12,235,23
2674,14,233,25
2658,12,230,26
2666,15,222,29
2662,15,227,25
2670,17,225,27
2718,14,226,26
2662,18,226,27
2718,18,228,29
2714,22,226,28
2718,20,220,28
2722,22,225,23
2714,15,223,28
2666,21,224,27
2718,11,232,24
2658,16,226,29
2722,10,232,30
2666,9,232,29
2658,10,227,29
2670,13,230,28
2658,13,235,31
2666,10,234,29
2662,16,235,30
2706,13,233,34
2670,12,228,27
2666,11,233,25
2670,12,226,18
2670,10,229,34
2662,9,232,26
2674,8,230,23
2662,9,223,24
2666,10,224,24
2670,11,229,23
2654,11,227,23
2674,7,229,22
2674,9,227,24
2654,10,224,22
2666,14,224,22
2658,16,223,23
2726,13,230,17
2666,15,228,24
2654,18,224,24
2710,9,234,26
2658,14,227,23
2666,16,220,25
2714,14,226,25
2666,15,224,27
2670,13,226,27
2670,14,228,29
2658,14,224,28
2666,14,227,31
2654,16,226,26
2726,16,235,23
2718,15,230,31
2658,13,231,26
2666,13,229,27
2658,21,223,32
2718,15,235,27
2666,17,226,29
2706,19,225,28
2722,15,227,30
2670,14,223,29
2658,14,220,30
2670,12,226,29
2658,13,222,30
2666,9,233,30
2662,16,221,33
2710,14,229,30
2674,9,232,25
2658,7,229,35
2662,8,229,29
2674,7,229,28
2658,10,225,27
2674,8,226,27
2654,9,230,31
2670,9,229,28
2666,11,230,30
2654,13,227,27
2674,17,223,29
2714,9,228,28
2658,19,225,29
2718,21,219,28
2710,13,229,29
2666,12,225,32
2674,13,229,28
2666,13,219,28
2674,15,225,28
2662,17,227,30
2714,18,232,30
2714,19,228,27
2706,15,217,24
2666,14,219,27
2674,12,230,26
2658,8,229,31
2674,14,225,38
2658,19,222,30
2718,14,224,30
2666,15,226,30
2658,15,227,26
2674,16,226,25
2718,19,226,24
2706,20,229,27
2722,24,226,23
2718,22,222,21
2710,24,222,26
2718,25,217,18
2706,20,233,23
2718,25,225,22
2722,15,223,23
2666,16,221,26
2718,16,224,26
2718,14,228,26
2666,19,228,24
2722,17,226,25
2718,13,227,27
2658,10,230,30
2666,16,226,25
2710,19,226,31
2718,5,235,28
2674,17,230,26
2714,14,227,29
2658,15,227,29
2666,14,228,28
2662,14,228,32
2670,14,226,32
2662,16,229,32
2722,12,233,33
2662,17,222,31
2710,23,220,31
2722,18,222,30
2718,26,227,31
2710,13,223,30
2670,10,228,27
2666,14,226,31
2658,18,223,30
2718,19,224,29
2710,12,238,34
2666,14,219,30
2666,14,225,29
2662,9,231,32
2670,6,231,30
2662,6,229,36
2662,4,231,36
2682,11,218,25
2662,13,232,29
2674,9,229,32
2658,7,226,27
2666,8,227,32
2670,10,227,29
2654,7,228,29
2674,10,228,30
2662,10,227,30
2666,13,226,29
2670,9,223,28
2658,11,225,32
2670,5,242,32
2678,10,228,33
2654,10,230,29
2666,11,227,29
2658,10,219,34
2674,8,231,29
2670,9,228,29
2658,8,229,32
2666,10,225,32
2654,13,227,32
2670,14,227,34
2666,11,229,32
2654,8,234,30
2666,13,233,27
2666,14,233,35
2670,10,232,26
2670,12,234,26
2658,11,231,28
2670,17,234,28
2710,17,232,32
2714,18,226,30
2714,18,229,30
2714,17,229,32
2718,19,232,32
2726,15,239,29
2658,11,231,32
2670,12,230,27
2666,9,233,30
2662,15,218,32
2666,10,225,27
2658,9,225,25
2682,10,231,26
2662,16,222,25
2714,15,225,26
2670,16,224,25
2706,16,226,28
2714,15,225,25
2662,12,229,24
2654,17,220,26
2722,14,226,29
2662,18,222,29
2710,12,226,28
2670,10,231,30
2666,11,225,22
2662,10,222,32
2666,19,223,28
2710,16,227,25
2718,16,226,30
2718,18,227,26
2710,17,232,26
2714,19,226,26
2722,21,224,29
2714,20,220,29
2714,14,239,24
2662,18,225,26
2718,13,231,26
2666,13,228,29
2654,18,224,26
2726,16,226,28
2718,12,226,29
2662,13,231,27
2670,12,230,29
2662,8,230,29
2658,8,229,27
2666,11,227,29
2662,9,221,31
2666,14,227,39
2658,12,238,30
2666,12,238,27
2666,13,222,34
2662,12,225,30
2666,12,223,30
2658,10,225,29
2662,9,227,29
2670,12,227,27
2654,11,223,32
2666,10,226,34
2658,11,223,33
2666,10,227,31
2674,13,227,28
2666,9,228,34
2670,15,224,34
2654,13,229,36
2666,9,228,26
2670,13,228,28
2658,9,231,32
2674,11,227,29
2662,12,225,28
2662,12,228,29
2670,13,227,30
2658,12,227,30
2678,16,228,27
2710,14,227,27
2666,15,229,31
2670,9,234,37
2654,11,230,22
2666,11,229,29
2666,13,226,28
2654,12,228,24
2670,12,228,31
2658,13,230,26
2662,9,230,23
2666,10,224,26
2658,12,226,31
2670,14,224,29
2658,16,229,26
2718,13,227,27
2674,15,226,24
2658,20,225,22
2714,10,233,28
2670,14,243,30
2662,15,230,25
2666,19,233,23
2706,18,230,23
2722,17,231,22
2714,12,229,24
2658,11,231,25
2682,15,228,21
2666,10,225,21
2662,12,228,24
2670,18,222,25
2706,17,228,22
2722,21,218,26
2718,20,230,26
2710,18,225,25
2722,22,222,25
2722,19,225,24
2714,19,228,23
2726,14,225,25
2666,10,231,25
2662,15,229,26
2674,13,230,25
2662,14,222,28
2666,12,227,32
2662,13,227,26
2654,12,229,24
2666,16,224,24
2706,15,223,21
2662,12,226,23
2666,12,228,23
2658,17,228,24
2718,16,231,25
2718,17,231,23
2710,16,225,24
2718,12,233,22
2658,14,223,27
2666,11,238,20
2674,7,224,27
2658,5,228,24
2682,7,228,25
2654,4,232,31
2678,6,230,30
2658,7,229,30
2658,8,226,28
2670,8,224,28
2654,6,228,29
2670,9,226,31
2670,8,229,31
2658,6,228,27
2674,12,225,27
2678,13,227,32
2666,13,225,34
2670,10,231,30
2662,13,234,25
2666,13,228,30
2662,11,234,29
2658,15,230,30
2666,13,227,32
2654,15,226,29
2666,14,230,31
2666,11,230,32
2666,9,230,32
2670,9,234,32
2666,12,225,26
2678,9,227,33
2666,11,221,24
2654,14,222,27
2666,19,220,29
2710,16,228,29
2718,17,227,27
2714,16,227,28
2710,17,224,29
2718,14,221,31
2662,17,219,25
2710,16,220,27
2734,23,227,20
2714,10,236,25
2654,10,235,24
2666,13,236,24
2658,17,232,26
2714,13,232,23
2678,13,226,27
2654,13,232,28
2674,9,228,28
2658,8,234,29
2666,9,228,28
2670,11,229,28
2654,12,235,24
2674,13,229,25
2662,9,238,27
2666,11,233,22
2666,15,238,23
2666,10,229,25
2674,15,228,30
2666,14,221,23
2658,10,229,24
2670,14,223,22
2658,15,224,23
2670,15,226,26
2662,14,227,26
2658,16,225,26
2722,15,224,28
2658,14,228,36
2666,13,231,31
2666,15,224,34
2658,18,234,29
2718,16,223,23
2718,20,222,29
2714,14,224,32
2666,15,224,32
2658,16,223,31
2718,17,225,34
2718,20,227,29
2710,21,225,27
2730,20,222,32
2714,18,223,33
2706,23,221,28
2730,18,221,24
2710,12,228,32
2666,13,228,28
2666,10,234,30
2654,11,228,28
2666,8,229,31
2662,9,226,30
2654,8,224,31
2666,10,225,31
2658,7,223,28
2666,6,232,30
2662,9,223,27
2662,5,233,32
2682,-6,238,34
2718,9,227,18
2674,12,224,34
2666,7,230,33
2658,8,227,25
2674,7,228,27
2670,6,228,30
2654,7,231,25
2666,9,225,26
2654,10,226,25
2674,7,230,25
2670,17,225,26
2710,12,229,28
2670,12,221,30
2654,14,222,26
2670,11,223,19
2662,14,222,21
2654,19,222,23
2718,19,227,26
2718,16,225,28
2718,16,228,29
2714,19,224,27
2710,17,222,30
2718,18,217,28
2718,18,231,27
2714,17,224,32
2714,12,230,29
2662,20,228,27
2706,14,224,30
2678,10,228,27
2658,10,229,28
2658,12,227,29
2666,11,226,29
2654,11,227,28
2666,14,227,30
2666,8,234,28
2658,11,234,24
2670,12,232,27
2662,7,241,32
2670,15,225,23
2666,8,228,29
2658,7,228,25
2670,15,216,31
2658,12,229,27
2670,13,229,25
2662,16,229,24
2710,11,231,27
2670,8,229,26
2662,14,224,27
2662,13,222,27
2674,19,228,29
2706,20,221,26
2730,16,232,21
2714,17,228,25
2706,19,218,31
2730,20,222,27
2714,15,226,27
2662,13,225,26
2670,16,231,25
2710,17,226,26
2714,20,232,25
2714,16,230,25
2710,13,226,27
2666,13,221,22
2666,9,237,31
2658,13,231,27
2658,16,220,22
2714,16,230,13
2674,13,229,18
2674,10,230,21
2658,8,227,22
2678,10,228,24
2658,10,231,23
2658,10,230,26
2670,15,231,27
2658,9,232,27
2678,13,235,29
2662,7,234,28
2666,14,231,29
2670,14,222,26
2658,19,229,30
2726,13,230,28
2666,13,227,31
2654,14,226,29
2670,13,230,28
2658,14,227,28
2662,15,226,26
2666,14,229,28
2658,11,226,29
2670,15,230,26
2666,18,222,30
2718,15,229,29
2674,13,231,24
2658,15,230,26
2674,9,229,23
2662,11,224,27
2662,12,230,24
2666,13,230,25
2658,13,229,26
2674,12,228,28
2662,16,229,23
2714,15,225,24
2666,12,225,29
2662,13,221,28
2674,8,236,28
2666,9,225,24
2666,13,222,26
2670,12,225,31
2658,11,232,24
2666,12,231,28
2662,8,230,28
2654,11,233,27
2666,9,232,27
2658,9,229,28
2666,10,229,27
2662,12,225,26
2654,11,226,33
2666,9,226,32
2658,11,238,32
2662,12,232,28
2670,18,234,33
2714,17,221,25
2714,13,225,27
2666,17,223,24
2714,16,226,26
2714,16,226,27
2710,13,226,28
2658,18,225,30
2726,17,225,27
2710,19,225,27
2722,22,222,28
2718,15,230,18
2658,16,226,31
2726,11,237,24
2674,12,240,20
2658,12,234,24
2666,12,233,23
2658,9,226,24
2678,11,225,21
2658,10,227,24
2658,12,236,24
2666,11,226,24
2662,16,226,26
2726,13,229,27
2670,15,229,24
2658,22,223,24
2718,17,222,22
2722,15,224,27
2662,16,226,23
2718,19,227,25
2714,19,224,23
2714,17,225,27
2714,16,231,30
2710,13,230,25
2666,14,223,27
2666,15,228,30
2658,14,225,29
2658,16,226,20
2706,8,228,27
2674,14,230,29
2662,16,227,25
2714,13,223,25
2678,14,223,26
2670,15,222,24
2658,15,224,28
2666,15,226,28
2658,15,223,29
2670,10,229,33
2666,12,231,27
2658,11,238,23
2666,10,236,26
2658,12,232,22
2670,10,234,28
2666,9,225,28
2658,8,228,34
2670,3,229,32
2662,7,228,30
2670,9,229,29
2666,10,231,29
2658,10,233,27
2670,13,231,27
2658,12,230,28
2666,11,234,27
2662,10,230,32
2654,6,230,29
2666,9,231,33
2662,11,223,28
2662,9,229,32
2666,14,226,31
2666,17,223,29
2714,13,222,30
2658,12,224,29
2666,11,225,29
2670,14,225,29
2658,14,222,29
2674,10,230,32
2662,14,227,36
2666,13,226,39
2658,16,229,36
2710,14,230,42
2678,16,224,33
2714,14,217,31
2662,9,230,29
2670,10,228,29
2666,11,225,28
2666,13,225,28
2662,11,228,26
2662,10,227,27
2666,13,230,26
2666,14,229,29
2658,12,239,26
2666,9,240,24
2658,9,236,23
2662,12,229,28
2654,9,232,20
2666,9,239,24
2658,15,229,28
2662,6,230,26
2666,12,228,23
2654,15,226,25
2666,13,228,25
2666,14,229,23
2658,17,231,24
2714,20,228,26
2718,22,223,23
2710,17,223,24
2722,18,216,26
