0,34,11,227
2676,39,15,225
2672,38,8,232
2660,32,12,226
2664,34,19,220
2668,36,13,226
2672,33,12,221
2664,38,14,228
2664,34,14,223
2668,38,10,229
2660,34,15,225
2668,36,10,224
2672,32,7,233
2656,33,10,225
2668,36,8,224
2668,37,9,225
2668,41,8,226
2660,37,7,224
2664,31,11,231
2672,35,10,234
2668,36,13,226
2668,35,14,227
2712,34,15,219
2656,38,15,219
2660,31,17,219
2676,34,14,231
2712,36,16,225
2664,38,14,227
2672,38,12,225
2676,37,10,233
2668,33,12,226
2664,39,12,226
2724,34,12,233
2672,33,18,221
2720,32,16,227
2660,33,14,228
2660,37,14,224
2668,35,14,225
2672,39,12,230
2664,40,12,229
2664,36,14,227
2668,37,13,224
2664,34,12,227
2680,36,11,229
2656,29,14,227
2708,33,19,222
2716,37,9,234
2676,38,11,227
2660,39,13,225
2656,35,14,227
2716,40,14,222
2716,37,9,234
2668,34,18,227
2712,35,13,231
2668,36,15,225
2664,36,15,227
2668,37,13,223
2660,36,11,232
2656,32,10,227
2668,33,17,234
2672,35,16,224
2672,35,13,227
2660,32,9,227
2660,32,11,229
2672,35,11,224
2688,37,7,235
2660,33,9,230
2664,38,3,227
2664,36,5,233
2672,34,12,226
2672,33,5,233
2660,33,7,231
2664,39,1,235
2668,40,12,231
2660,34,11,232
2668,33,11,225
2656,34,14,225
2664,36,11,231
2668,36,17,230
2724,36,18,228
2660,38,13,223
2656,38,16,223
2724,36,20,223
2724,39,21,222
2716,41,19,222
2668,44,12,227
2668,36,9,223
2668,36,7,231
2660,37,7,227
2660,36,5,232
2680,35,10,227
2672,30,10,228
2672,31,0,221
2664,25,4,226
2660,29,12,227
2668,33,9,228
2676,32,7,225
2664,31,10,230
2656,29,15,225
2720,27,10,230
2680,36,12,224
2672,30,8,223
2660,31,8,222
2668,33,10,228
2664,33,8,233
2668,33,11,230
2660,33,10,225
2660,37,11,220
2668,38,1,236
2668,40,9,223
2716,35,17,226
2712,32,22,218
2708,41,14,220
2716,37,21,214
2660,39,5,227
2672,44,3,234
2668,41,8,231
2668,36,10,233
2660,37,17,220
2668,31,13,226
2660,37,20,224
2672,35,14,221
2668,38,12,224
2724,38,14,224
2668,35,10,230
2660,38,10,226
2672,32,11,218
2724,28,10,229
2668,34,14,223
2660,35,12,227
2660,36,14,227
2664,38,17,224
2720,39,20,219
2712,43,12,223
2720,39,14,221
2668,37,9,223
2672,37,8,223
2656,41,7,229
2668,37,8,227
2672,46,4,234
2672,39,5,231
2676,41,1,229
2672,37,2,230
2684,32,7,232
2672,34,6,233
2672,35,10,227
2660,37,10,225
2716,28,8,232
2660,34,10,227
2668,34,9,227
2668,37,4,232
2664,34,5,229
2676,32,4,239
2684,35,2,233
2676,34,12,226
2668,37,6,226
2676,32,10,230
2672,34,11,227
2664,31,9,227
2668,35,11,225
2660,31,12,230
2660,30,8,230
2660,32,11,237
2664,35,7,232
2680,32,7,230
2668,31,7,220
2660,30,8,223
2668,30,11,225
2676,29,4,236
2668,30,14,226
2660,30,11,231
2660,27,16,222
2664,32,17,221
2724,33,20,223
2656,28,12,225
2664,34,24,208
2724,32,21,222
2712,34,14,220
2660,32,15,213
2660,36,8,229
2668,39,10,231
2672,29,14,228
2720,38,14,230
2660,33,13,224
2672,34,9,227
2672,32,10,233
2676,33,13,222
2668,40,11,232
2668,36,7,217
2680,37,3,230
2676,36,6,228
2672,32,5,228
2660,35,11,221
2660,36,11,230
2664,35,13,218
2672,45,11,234
2660,44,11,224
2660,43,8,225
2660,43,7,227
2668,36,7,218
2672,41,13,218
2676,44,3,227
2664,27,0,229
2672,33,3,229
2680,34,1,229
2676,35,1,231
2676,32,2,228
2676,31,5,221
2660,38,7,232
2688,28,3,237
2676,31,3,232
2660,34,8,227
2660,31,7,229
2668,34,8,235
2728,33,17,230
2712,36,17,223
2668,31,15,227
2724,28,21,220
2720,28,21,218
2720,31,17,220
2664,28,11,226
2672,31,13,224
2676,44,3,234
2660,34,11,230
2668,32,6,230
2668,30,8,225
2676,30,13,223
2660,28,13,224
2656,30,15,227
2716,31,10,232
2668,32,6,226
2664,33,7,232
2668,36,4,228
2676,36,5,232
2684,32,-2,229
2680,40,5,232
2664,30,10,223
2660,29,9,224
2664,29,10,227
2672,31,14,224
2720,35,16,224
2664,39,6,226
2660,36,11,225
2668,36,20,223
2728,35,15,225
2712,34,15,225
2664,35,14,218
2672,37,14,224
2676,39,11,226
2668,35,11,234
2660,37,4,231
2656,32,7,226
2672,31,5,230
2676,38,7,228
2660,38,10,223
2660,33,10,223
2676,34,12,227
2672,36,15,218
2672,35,10,227
2664,36,8,225
2660,34,7,224
2668,33,0,236
2680,31,8,216
2668,33,8,219
2668,33,11,220
2664,33,8,225
2668,29,9,225
2672,34,8,224
2668,36,4,234
2664,43,13,225
2660,29,7,236
2680,29,8,231
2676,30,7,228
2660,33,8,230
2656,30,10,230
2656,32,5,226
2668,38,5,239
2676,33,7,230
2668,39,9,223
2656,32,12,227
2660,33,11,227
2668,30,12,227
2672,29,15,222
2708,41,11,223
2660,30,16,224
2680,29,9,233
2676,32,10,226
2664,34,12,225
2660,33,12,224
2664,31,9,225
2668,25,14,225
2672,29,5,230
2660,35,10,230
2660,33,10,227
2668,30,7,220
2672,29,10,228
2672,30,11,228
2660,28,3,235
2668,30,10,234
2660,31,7,230
2668,31,11,226
2660,30,8,225
2660,32,4,226
2664,34,5,234
2676,34,10,230
2672,32,12,227
2684,36,10,223
2668,36,8,226
2668,32,9,226
2672,36,8,227
2680,33,9,229
2668,38,7,224
2660,36,7,228
2672,34,14,221
2668,35,11,225
2676,35,11,226
2660,32,9,228
2660,31,10,229
2668,34,10,224
2672,27,9,226
2672,37,4,226
2660,33,9,227
2660,35,6,228
2664,30,7,227
2672,33,4,230
2680,33,11,237
2660,26,7,230
2708,32,9,225
2668,32,11,228
2672,34,10,223
2668,33,11,222
2656,38,6,225
2660,32,14,216
2716,32,16,226
2672,39,12,223
2660,36,11,227
2656,34,12,231
2716,33,15,226
2676,34,11,230
2716,34,11,224
2708,35,20,227
2672,35,11,233
2668,34,12,226
2672,36,10,229
2660,33,7,228
2668,34,3,235
2680,26,9,226
2676,28,7,235
2656,34,3,232
2656,31,7,230
2664,35,6,229
2668,38,6,226
2668,36,14,227
2656,37,3,245
2664,39,9,231
2668,32,8,226
2664,33,11,225
2672,33,8,227
2656,33,11,222
2660,33,14,221
2668,30,21,224
2672,30,9,221
2668,39,8,227
2668,36,7,226
2660,37,10,225
2668,40,8,227
2676,38,4,233
2668,28,9,239
2656,35,16,222
2668,37,9,221
2660,34,8,226
2672,34,6,229
2656,33,9,229
2660,36,6,229
2676,33,10,226
2672,32,5,232
2672,30,6,237
2664,34,8,223
2656,32,9,227
2664,34,10,228
2668,35,8,231
2668,32,2,230
2664,23,15,235
2660,31,11,227
2672,32,13,224
2672,32,12,223
2668,33,9,224
2668,35,9,225
2664,35,4,228
2668,26,5,225
2684,32,6,231
2664,31,9,228
2656,31,8,227
2668,32,9,225
2668,31,10,223
2672,35,11,223
2660,33,8,228
2660,39,8,225
2664,34,10,224
2668,34,11,233
2672,35,10,227
2668,36,9,225
2660,35,12,227
2672,30,8,224
2668,31,10,229
2668,34,5,229
2664,35,5,231
2664,34,11,230
2668,33,10,227
2668,32,8,228
2676,32,6,236
2656,28,10,228
2660,34,6,233
2664,32,8,224
2672,31,9,227
2660,34,10,228
2660,37,5,218
2660,35,4,235
2672,32,7,229
2676,34,11,224
2668,30,11,226
2656,34,10,222
2660,33,11,224
2668,36,15,219
2668,34,16,220
2660,29,9,226
2660,32,11,224
2668,33,10,229
2664,35,8,225
2668,33,11,225
2660,39,7,223
2656,36,7,233
2660,32,3,231
2672,32,7,230
2676,34,6,229
2668,33,3,229
2664,34,3,232
2680,36,2,227
2676,33,4,229
2672,33,8,245
2656,29,8,224
2664,30,10,224
2668,33,10,225
2680,32,13,222
2656,37,12,225
2660,40,7,226
2664,33,4,227
2672,34,14,224
2676,35,8,225
2664,36,8,229
2660,34,8,227
2664,34,3,232
2664,34,7,226
2668,34,2,229
2660,33,7,229
2668,33,10,230
2668,31,11,223
2668,33,8,228
2668,34,5,230
2668,38,8,228
2656,30,17,220
2664,32,9,220
2676,30,9,227
2656,29,7,226
2660,32,7,226
2668,34,9,219
2668,32,8,234
2680,28,19,223
2664,33,13,227
2660,32,12,226
2664,30,9,223
2668,31,5,223
2672,31,15,235
2712,30,12,241
2672,43,-6,236
2728,34,4,228
2672,32,12,230
2656,37,10,228
2660,32,8,230
2676,31,12,224
2676,32,8,229
2676,41,10,226
2656,33,8,224
2660,34,12,222
2672,32,12,220
2676,30,12,224
2668,38,9,223
2660,34,8,233
2668,38,8,227
2676,38,6,224
2684,33,6,229
2660,31,8,229
2656,35,7,228
2676,33,13,224
2676,37,2,236
2664,32,7,232
2664,35,10,223
2660,36,7,226
2676,36,6,236
2692,41,5,234
2668,39,5,239
2656,37,4,230
2672,37,-4,238
2684,32,5,233
2672,31,6,231
2664,31,12,233
2656,30,11,223
2668,32,16,216
2728,29,21,223
2712,33,18,222
2724,32,20,223
2716,36,15,227
2720,39,16,227
2668,52,11,232
2676,51,2,245
2676,52,6,241
2676,52,-7,238
2716,50,-11,232
2728,54,-9,227
2736,48,-12,240
2716,48,-1,234
2680,47,3,224
2672,44,10,216
2668,49,16,218
2712,51,18,209
2724,52,23,202
2668,53,13,203
2676,64,12,206
2712,60,15,215
2660,61,13,211
2668,64,8,221
2684,68,1,221
2672,67,0,227
2672,77,-4,242
2728,89,18,258
2832,124,67,350
2772,181,74,420
2732,168,-53,268
2772,169,-31,219
2784,147,-5,275
2768,144,33,268
2768,122,64,281
2780,142,48,254
2760,153,46,241
2768,143,42,236
2772,145,34,235
2768,148,26,228
2780,154,22,236
2716,155,7,239
2724,154,6,237
2720,156,7,233
2712,157,3,235
2724,149,5,244
2780,145,13,230
2720,142,13,225
2716,144,9,226
2732,136,3,229
2724,144,-11,229
2780,141,-17,217
2772,141,-9,216
2776,138,-7,215
2780,147,-10,218
2772,148,-14,221
2784,144,-9,217
2776,136,-16,216
2776,135,-17,204
2784,128,-19,215
2772,99,-51,253
2724,123,6,205
2772,133,36,115
2720,127,35,123
2768,95,25,193
2660,75,5,212
2656,89,14,181
2668,100,5,192
2672,91,10,199
2676,86,15,193
2676,88,11,195
2712,78,20,204
2720,74,32,206
2720,68,34,212
2712,66,28,213
2716,63,15,227
2724,56,21,226
2712,48,31,230
2716,34,30,240
2724,34,28,250
2716,23,24,250
2716,20,22,250
2624,6,0,253
2636,0,-7,219
2744,-11,1,199
2680,-16,11,192
2744,-23,27,190
2744,-27,41,191
2732,-24,65,182
2740,-26,69,198
2736,-23,58,207
2728,-17,37,220
2736,-18,14,230
2692,-6,3,232
2740,-5,-10,270
2700,-3,-5,273
2748,-8,-5,269
2696,-16,1,255
2692,-21,1,240
2684,-28,-5,223
2752,-36,-19,205
2740,-36,-15,181
2740,-44,5,168
2684,-46,18,170
2740,-37,34,156
2740,-35,38,162
2736,-29,45,178
2732,-22,46,196
2740,-11,50,215
2736,-2,34,234
2732,-1,28,249
2688,-5,20,250
2684,-10,6,254
2680,-17,8,242
2680,-24,5,230
2684,-36,14,217
2688,-43,19,206
2736,-44,21,197
2740,-39,32,197
2740,-38,32,206
2736,-37,30,221
2740,-33,29,227
2740,-31,34,231
2736,-37,21,234
2684,-36,3,236
2700,-39,-4,228
2740,-54,-3,226
2696,-59,2,215
2696,-54,0,218
2692,-51,8,222
2692,-51,2,237
2748,-43,-7,242
2752,-49,-17,242
2744,-36,-11,234
2684,-41,21,212
2740,-36,21,208
2728,-37,25,208
2740,-39,28,206
2736,-32,22,222
2732,-25,18,237
2692,-24,14,249
2704,-17,9,255
2692,-12,2,256
2688,-11,7,258
2700,-9,8,259
2692,-5,15,251
2728,-5,16,244
2688,-6,10,247
2684,-1,1,235
2640,-7,-6,235
2744,-8,-16,228
2752,-10,-16,219
2744,-8,-9,222
2736,-6,0,224
2640,-6,0,235
2644,0,8,229
2644,6,7,238
2620,10,7,246
2612,12,13,253
2624,16,21,256
2676,19,28,250
2728,17,27,259
2712,27,24,261
2720,23,23,262
2724,28,14,264
2672,33,9,262
2660,29,10,259
2672,26,15,240
2676,26,1,243
2736,17,-7,227
2724,19,-6,226
2672,21,6,230
2628,16,3,236
2684,20,5,235
2672,25,7,240
2660,27,21,245
2724,33,31,245
2720,35,31,257
2712,38,33,263
2724,47,32,264
2732,36,43,256
2716,39,56,250
2716,35,61,246
2720,32,65,245
2712,37,73,249
2716,31,92,249
2724,42,85,262
2720,47,74,267
2716,49,70,264
2724,47,74,262
2712,58,80,277
2708,41,85,278
2716,41,91,278
2724,45,94,281
2716,47,94,277
2716,46,100,277
2716,51,101,259
2776,49,114,255
2780,54,117,232
2772,58,133,217
2788,53,154,206
2776,43,166,201
2776,33,157,182
2780,31,137,171
2780,33,124,163
2780,23,104,183
2728,27,85,185
2712,35,82,199
2720,42,81,211
2716,41,78,217
2712,51,68,226
2712,41,70,222
2716,46,58,200
2716,36,59,201
2716,32,51,207
2720,36,47,208
2728,35,52,205
2716,36,49,212
2720,39,48,215
2732,39,52,213
2712,35,58,206
2716,31,52,209
2716,27,49,206
2712,34,49,206
2708,36,56,204
2716,27,67,208
2720,36,49,209
2712,43,60,190
2720,40,78,194
2720,43,84,196
2712,41,86,203
2720,38,87,192
2732,38,81,207
2712,44,62,225
2724,54,44,240
2716,48,23,253
2656,45,0,254
2720,35,-6,235
2736,27,-18,243
2732,21,-15,224
2720,20,-3,222
2672,19,8,213
2672,12,19,223
2672,25,16,205
2712,28,16,209
2720,31,22,216
2732,35,28,230
2716,36,24,232
2716,42,20,241
2664,46,12,240
2672,36,7,240
2676,30,3,235
2672,27,-2,235
2676,26,-2,231
2688,26,-2,231
2724,23,2,232
2736,23,-8,242
2680,19,-8,243
2676,30,-2,238
2672,28,4,242
2668,36,24,224
2716,38,55,222
2720,40,93,221
2708,36,91,226
2716,44,90,217
2720,42,89,209
2712,36,87,223
2720,34,76,225
2728,39,60,222
2712,34,12,245
2668,44,-10,249
2732,43,-20,255
2724,38,-27,260
2724,31,-34,250
2728,31,-45,222
2736,31,-35,215
2716,35,-15,219
2728,36,-11,224
2736,34,-14,219
2724,34,-26,220
2732,39,-23,213
2728,42,-31,209
2720,38,-34,213
2736,39,-40,209
2732,35,-34,201
2720,34,-25,201
2736,31,-49,220
2732,29,-72,233
2716,26,-73,233
2728,30,-77,246
2736,35,-71,251
2728,35,-73,251
2728,41,-64,245
2736,42,-53,248
2724,46,-47,260
2724,42,-34,254
2744,41,-21,235
2724,33,-11,223
2728,27,-19,223
2744,28,-27,212
2724,32,-33,232
2736,26,-46,225
2728,28,-50,227
2720,27,-46,220
2724,21,-44,213
2728,27,-46,204
2728,28,-36,214
2728,32,-15,216
2724,37,-7,221
2720,39,-8,226
2668,52,15,235
2676,46,19,228
2724,57,46,227
2712,62,61,236
2720,63,67,250
2724,64,72,250
2712,55,73,253
2724,55,49,248
2716,52,44,247
2716,51,36,237
2712,47,31,231
2720,46,39,240
2716,37,54,222
2712,38,60,207
2716,43,61,213
2732,41,58,220
2712,43,40,226
2724,43,40,206
2716,41,23,217
2712,43,17,224
2716,36,9,226
2668,30,9,215
2684,34,11,214
2672,25,4,215
2676,24,2,219
2664,25,5,220
2680,28,8,224
2660,31,6,219
2660,32,7,215
2656,32,17,212
2724,33,22,217
2724,37,30,211
2716,36,39,212
2720,39,48,215
2732,40,42,223
2712,42,42,220
2724,46,32,227
2720,43,33,232
2712,44,26,244
2716,49,22,248
2716,46,11,248
2716,47,21,244
2712,47,21,249
2716,45,24,244
2732,47,25,243
2712,48,35,245
2720,47,49,252
2728,49,41,256
2708,47,48,254
2720,48,46,250
2720,44,48,244
2724,40,47,250
2712,35,51,236
2724,38,44,227
2716,35,41,238
2712,33,42,242
2716,27,47,241
2732,25,48,240
2712,33,57,239
2720,29,65,242
2728,28,64,248
2716,25,62,247
2720,19,65,250
2720,20,67,254
2672,16,64,251
2672,9,56,258
2680,9,59,263
2676,8,61,269
2676,-2,61,264
2684,-4,56,258
2740,-13,57,246
2752,-15,65,260
2736,-14,62,266
2732,-20,52,274
2744,-24,51,272
2736,-26,52,264
2740,-34,43,263
2740,-36,39,250
2740,-45,46,229
2736,-48,43,226
2736,-55,55,220
2736,-56,60,206
2736,-59,63,199
2740,-61,58,198
2732,-62,49,218
2744,-61,37,237
2732,-56,21,238
2732,-60,24,227
2736,-66,24,214
2732,-68,27,201
2732,-72,28,196
2736,-73,31,188
2728,-75,40,189
2736,-68,52,189
2736,-68,61,192
2728,-67,54,190
2740,-59,64,200
2748,-55,58,202
2736,-51,56,200
2736,-50,58,199
2744,-53,61,193
2736,-54,58,190
2736,-49,61,189
2744,-38,57,199
2728,-37,57,211
2748,-37,59,212
2736,-33,67,211
2736,-32,68,201
2736,-28,68,188
2740,-28,77,178
2728,-17,84,180
2736,-16,95,162
2732,-10,83,169
2732,-1,72,184
2696,7,63,205
2676,19,46,222
2664,13,30,230
2664,15,17,237
2668,19,12,232
2724,22,22,226
2716,33,30,218
2712,31,38,215
2716,33,51,206
2716,34,69,202
2708,40,81,206
2724,50,92,209
2724,53,99,215
2716,57,85,236
2720,54,93,237
2728,60,79,230
2712,61,70,234
2724,57,66,250
2716,52,69,244
2708,49,60,246
2708,45,51,228
2724,43,37,243
2716,42,13,249
2672,45,1,235
2728,51,-12,226
2732,42,-2,204
2660,51,21,184
2712,61,35,165
2720,63,42,148
2716,68,50,148
2708,72,55,151
2716,73,39,165
2728,83,37,192
2708,91,45,234
2712,94,41,270
2716,98,35,291
2712,112,23,315
2768,110,7,333
2672,102,5,324
2680,99,5,313
2668,93,6,301
2676,88,4,288
2732,68,-16,271
2732,64,-12,231
2716,58,-22,228
2720,51,-19,218
2720,53,-34,212
2720,44,-28,200
2728,27,-26,185
2724,29,-16,189
2716,36,-2,204
2676,40,3,222
2680,40,-7,239
2676,41,-10,226
2720,47,8,225
2668,50,16,222
2732,54,33,230
2712,64,49,237
2720,71,56,230
2724,67,68,232
2716,68,63,226
2712,69,58,221
2724,71,51,222
2716,73,42,224
2712,81,48,227
2728,73,39,252
2724,71,38,246
2712,69,35,245
2720,67,38,239
2728,61,42,248
2712,60,41,249
2720,56,32,239
2716,59,29,240
2712,53,31,233
2712,55,38,234
2720,60,41,227
2716,66,47,233
2712,67,38,240
2728,68,35,243
2720,69,22,248
2712,71,27,232
2716,73,29,228
2728,72,26,241
2716,74,23,245
2716,73,21,248
2724,76,17,262
2712,82,19,286
2668,95,6,324
2664,90,5,301
2672,79,5,262
2728,68,-2,240
2668,64,-2,229
2676,55,1,240
2732,55,-9,262
2676,44,11,238
2712,40,24,227
2728,33,28,222
2732,32,45,226
2712,31,47,236
2716,23,50,239
2732,19,51,229
2712,19,50,223
2680,20,50,216
2724,11,42,229
2676,13,38,228
2668,12,33,228
2716,13,28,227
2716,14,22,222
2672,12,21,222
2668,10,20,222
2672,14,16,218
2684,10,8,236
2632,12,6,225
2680,10,19,213
2668,7,16,211
2664,10,15,207
2676,4,17,205
2624,7,9,206
2680,9,8,214
2620,15,4,223
2620,14,-3,234
2680,18,1,238
2680,22,0,245
2672,26,-7,249
2676,31,0,252
2720,25,1,246
2720,26,-6,253
2736,20,-8,245
2724,20,-7,241
2724,21,-9,245
2744,16,-5,255
2660,20,-8,249
2668,21,2,247
2728,26,-9,260
2728,27,-23,267
2720,22,-33,265
2728,29,-39,255
2720,24,-46,263
2724,20,-46,238
2736,19,-44,226
2676,12,-41,226
2676,16,-39,222
2680,14,-36,232
2676,10,-35,230
2688,10,-33,224
2672,15,-31,229
2724,19,-48,238
2676,14,-53,245
2732,18,-57,232
2716,17,-51,225
2676,8,-54,226
2676,8,-60,232
2676,11,-67,231
2668,9,-63,233
2704,6,-66,234
2676,0,-71,229
2692,7,-69,230
2692,4,-71,227
2684,0,-63,234
2752,3,-56,243
2684,9,-56,234
2668,1,-70,251
2696,-2,-71,250
2692,-4,-66,237
2696,0,-71,248
2692,-5,-78,245
2756,-5,-87,244
2748,1,-92,242
2728,6,-89,261
2692,8,-88,258
2692,11,-89,261
2676,8,-89,260
2668,8,-91,246
2676,2,-88,262
2672,13,-81,265
2680,15,-64,261
2720,16,-68,258
2676,7,-84,236
2692,-7,-74,191
2748,-9,-61,195
2744,-8,-50,191
2740,-5,-58,199
2744,-2,-65,194
2696,2,-91,200
2760,16,-129,222
2732,9,-130,222
2732,13,-137,230
2788,22,-134,225
2780,33,-131,219
2788,34,-121,232
2776,34,-103,249
2784,42,-100,238
2776,42,-93,225
2720,28,-94,185
2728,5,-83,182
2744,-15,-29,141
2744,-12,4,142
2736,-5,30,154
2700,12,54,174
2712,24,52,176
2716,24,19,192
2676,34,-2,213
2724,47,-21,232
2740,56,-38,256
2728,61,-44,268
2728,55,-48,278
2716,53,-22,267
2724,52,-20,268
2728,51,-11,256
2672,32,27,215
2716,9,75,190
2692,-9,92,151
2732,-25,71,112
2692,-20,72,96
2684,-21,85,126
2736,-9,89,176
2692,3,77,202
2716,28,54,245
2720,32,36,251
2712,30,23,251
2716,32,18,249
2676,20,16,242
2708,17,15,251
2612,1,7,240
2692,-22,26,206
2740,-43,81,151
2732,-57,131,140
2800,-56,157,137
2796,-46,176,158
2800,-27,162,199
2800,-9,137,246
2752,7,122,286
2784,39,67,340
2712,44,57,348
2720,49,51,344
2720,50,59,333
2720,41,80,345
2712,20,82,318
2676,12,74,263
2680,4,73,244
2688,-11,95,226
2796,-20,131,217
2808,-19,141,220
2800,1,126,224
2748,9,104,235
2668,17,86,255
2712,22,64,281
2720,22,46,306
2720,33,20,278
2664,30,15,282
2720,25,23,270
2724,19,42,251
2672,20,51,239
2668,13,59,228
2692,-2,53,211
2732,-5,56,195
2732,-3,68,198
2688,-3,86,220
2740,-9,71,246
2672,14,50,249
2720,30,25,273
2664,34,11,282
2664,39,5,275
2684,33,1,264
2668,29,5,250
2676,23,7,251
2716,16,15,246
2724,19,27,244
2712,20,31,238
2676,12,34,239
2724,14,21,234
2720,21,19,225
2672,15,17,230
2632,10,0,244
2672,8,-16,242
2684,9,-27,246
2676,24,-42,256
2740,12,-44,250
2676,9,-48,228
2680,13,-51,220
2668,9,-39,219
2672,5,-32,216
2684,13,-37,219
2684,14,-29,215
2672,3,-22,214
2692,11,-21,212
2680,3,-23,214
2676,8,-23,210
2676,10,-23,213
2676,12,-19,222
2692,8,-26,222
2720,8,-29,236
2680,10,-34,227
2692,6,-40,214
2700,5,-43,207
2696,2,-41,208
2692,-6,-45,207
2668,0,-48,213
2672,4,-50,222
2676,8,-62,228
2680,12,-60,229
2668,14,-58,238
2680,19,-49,234
2728,21,-36,231
2720,21,-32,240
2732,26,-12,239
2728,24,-4,239
2676,21,2,233
2676,24,5,226
2672,22,1,227
2676,14,-7,231
2680,10,-10,222
2672,13,-7,216
2732,17,-9,219
2672,8,-17,229
2732,8,-11,219
2672,15,-23,226
2680,16,-30,228
2672,14,-31,229
2724,21,-32,229
2720,18,-34,231
2736,21,-22,223
2724,19,-20,227
2720,21,-21,229
2736,19,-13,230
2732,20,-9,225
2720,19,-12,227
2724,25,-11,234
2680,19,-13,222
2720,15,-17,226
2684,16,-18,218
2728,22,-25,226
2672,18,-23,247
2668,27,-33,232
2732,9,-15,225
2732,15,-10,224
2676,17,-15,237
2672,11,-19,224
2672,20,-14,213
2676,18,-26,205
2716,17,-13,225
2676,24,-18,226
2732,11,-20,225
2720,22,-5,243
2724,23,-15,230
2728,19,-9,227
2728,19,-13,225
2724,19,-23,225
2680,14,-10,207
2736,7,-19,210
2672,30,-9,233
2680,12,0,217
2628,7,9,218
2624,11,6,214
2632,15,0,224
2628,18,-7,227
2720,19,-14,225
2724,26,-27,235
2736,19,-25,232
2724,15,-24,225
2680,13,-22,225
2680,7,-16,223
2680,9,-14,225
2668,6,-15,239
2672,10,-30,226
2676,11,-32,228
2684,8,-42,226
2668,14,-43,225
2672,9,-37,229
2724,14,-20,231
2676,14,-14,227
2720,10,-10,238
2668,14,-9,228
2680,9,-1,226
2676,10,-7,222
2672,16,0,225
2668,10,-9,227
2672,13,-11,222
2732,15,-5,232
2688,16,-6,235
2724,21,-8,245
2680,12,-27,234
2720,20,-13,239
2676,20,-14,234
2664,10,-7,227
2620,2,-7,215
2672,8,-6,212
2680,5,-10,214
2628,10,-1,207
2664,24,28,234
2628,13,-19,249
2672,13,-7,212
2676,15,-12,223
2720,19,2,227
2732,17,-3,238
2676,25,-6,228
2624,15,-3,227
2672,20,-4,234
2732,20,-2,228
2672,23,-6,239
2736,23,-4,229
2720,17,-1,225
2680,21,-5,215
2736,13,-7,225
2672,12,-3,217
2624,16,3,220
2628,14,4,221
2628,12,2,227
2676,17,1,214
2724,15,-8,216
2672,17,2,221
2612,16,3,227
2676,20,5,229
2684,22,-3,235
2724,18,-4,230
2676,22,-10,240
2628,20,-4,232
2736,15,-8,230
2672,17,-4,227
2728,21,-8,234
2744,24,-11,237
2664,22,-4,248
2668,18,-10,242
2720,19,-10,234
2724,19,-8,226
2672,15,3,226
2676,18,4,228
2624,18,2,224
2624,15,11,217
2664,15,12,225
2660,17,13,222
2612,10,12,209
2616,17,9,205
2628,17,2,220
2632,12,15,208
2680,16,-2,227
2668,15,6,230
2668,17,5,229
2672,22,4,230
2664,16,4,237
2664,22,7,236
2668,20,-2,239
2672,25,-8,240
2728,17,-13,252
2724,18,-7,234
2728,19,-5,231
2632,14,-3,224
2636,15,3,225
2616,17,2,223
2608,17,11,221
2660,10,10,221
2664,18,7,223
2672,16,9,224
2672,26,18,218
2664,15,14,225
2616,17,14,221
2668,18,26,212
2672,23,14,224
2668,19,3,225
2660,20,7,225
2664,18,5,228
2672,20,7,230
2660,17,1,227
2680,15,6,225
2612,15,0,226
2668,14,6,226
2676,13,4,220
2676,17,6,227
2684,17,6,228
2612,17,6,226
2668,24,-1,228
2680,23,6,236
2676,19,6,231
2684,26,10,231
2660,19,10,225
2660,21,8,221
2676,20,3,222
2672,23,4,227
2660,16,5,226
2656,22,5,229
2660,24,9,228
2668,21,6,226
2672,20,6,222
2676,21,7,226
2668,19,5,240
2664,23,7,233
2680,26,1,236
2676,18,3,230
2664,17,7,226
2656,18,7,233
2664,19,11,233
2668,16,13,229
2676,20,7,226
2672,21,18,217
2668,19,11,219
2668,16,9,229
2628,17,9,221
2668,16,10,228
2660,19,11,226
2664,16,20,223
2720,21,17,227
2668,24,15,235
2656,23,11,238
2664,24,7,226
2676,22,8,228
2672,22,5,230
2680,24,5,231
2676,14,2,229
2660,19,7,225
2664,12,6,231
2624,14,7,230
2672,15,1,230
2672,12,1,238
2716,10,4,237
2672,13,3,214
2740,13,-9,230
2680,16,-4,223
2672,20,1,233
2672,20,7,235
2668,21,16,231
2684,21,18,221
2712,19,14,224
2708,20,21,223
2716,20,20,225
2724,18,21,227
2712,20,14,230
2680,16,14,233
2672,29,8,229
2668,19,12,222
2656,21,10,220
2660,18,14,222
2716,27,15,231
2716,22,7,234
2668,24,13,223
2668,18,0,222
2620,17,6,231
2668,13,11,232
2632,16,13,227
2668,24,5,244
2616,13,5,224
2628,7,14,221
2616,18,-2,231
2688,20,6,229
2684,24,9,229
2664,25,10,230
2656,24,11,230
2672,24,13,230
2672,36,12,236
2676,27,19,228
2660,26,6,223
2656,25,8,211
2672,27,14,222
2720,30,18,222
2720,25,27,228
2712,27,24,229
2720,19,20,223
2720,23,14,222
2660,18,11,224
2668,22,9,224
2672,23,11,226
2684,27,6,238
2668,17,4,233
2668,29,-2,229
2676,25,-4,235
2740,24,-5,242
2720,29,-1,233
2672,20,3,232
2660,22,4,221
2672,31,0,221
2664,22,11,226
2708,25,15,226
2716,24,20,221
2728,22,16,218
2668,21,17,231
2660,23,17,229
2672,23,11,225
2672,25,9,228
2660,25,7,230
2656,28,4,238
2676,19,2,240
2676,22,-7,242
2736,18,-4,234
2720,22,-7,228
2720,18,-3,230
2676,20,4,231
2620,18,1,221
2660,21,9,236
2668,20,6,216
2668,22,13,217
2720,26,19,214
2712,25,27,221
2716,19,27,213
2732,19,29,219
2708,25,27,214
2720,26,26,221
2720,26,18,230
2708,30,14,235
2708,28,9,232
2684,33,1,232
2676,22,-6,236
2672,21,-3,236
2720,19,-10,231
2728,23,-3,226
2732,24,-9,222
2724,16,-5,233
2684,18,7,222
2628,19,2,228
2672,22,5,224
2656,21,11,220
2660,22,20,220
2716,27,12,220
2712,26,12,236
2708,21,19,228
2716,25,15,227
2672,25,13,227
2676,28,9,225
2664,18,10,230
2656,23,11,229
2664,27,3,226
2672,23,8,230
2668,23,7,229
2672,25,2,234
2660,22,7,229
2680,30,11,241
2684,25,4,226
2672,25,1,225
2676,25,2,230
2680,21,6,219
2684,20,6,226
2664,20,6,224
2664,22,7,228
2664,23,6,229
2716,26,11,224
2728,28,15,219
2660,30,15,220
2708,28,19,223
2728,30,23,231
2720,30,23,236
2716,21,14,224
2672,23,11,227
2668,22,2,227
2688,22,0,226
2724,24,3,229
2680,28,9,222
2668,22,9,236
2684,21,1,226
2668,24,-8,224
2680,20,-9,227
2728,22,-7,233
2732,22,0,221
2676,34,4,235
2684,23,5,232
2668,25,7,234
2672,18,17,226
2716,21,21,231
2720,14,18,230
2672,19,26,216
2720,13,17,221
2664,12,17,225
2612,14,18,226
2680,17,11,228
2636,16,7,234
2668,12,7,222
2660,23,4,230
2668,19,7,226
2688,20,6,232
2676,19,6,234
2660,20,10,227
2660,16,11,228
2668,16,14,220
2672,10,16,224
2676,17,17,228
2660,16,14,223
2656,17,14,221
2668,19,11,224
2668,17,11,229
2668,20,15,227
2656,24,6,227
2656,21,6,234
2672,22,7,226
2672,20,8,227
2668,20,9,228
2656,18,9,229
2612,19,8,232
2664,18,7,222
2672,18,10,222
2624,21,6,232
2660,21,9,229
2664,20,13,229
2664,22,11,238
2716,16,12,246
2660,14,10,230
2660,20,9,237
2672,22,13,222
2668,18,13,226
2672,18,17,222
2672,19,14,224
2668,18,19,222
2728,21,17,230
2724,15,20,219
2672,14,23,216
2668,11,23,221
2672,11,21,218
2676,11,19,219
2628,10,16,210
2616,20,10,222
2660,18,18,225
2660,21,9,233
2680,22,8,232
2668,23,5,234
2660,18,8,233
2660,22,10,233
2668,16,6,240
2620,17,3,239
2680,20,6,234
2668,14,8,232
2664,19,6,226
2660,17,7,232
2672,22,9,226
2672,23,6,223
2660,20,20,225
2716,20,12,224
2672,22,9,217
2676,18,19,218
2712,21,15,229
2708,26,13,227
2720,26,26,223
2724,27,23,223
2712,26,21,225
2724,25,26,223
2728,30,22,226
2712,22,17,231
2672,22,10,244
2660,18,11,230
2676,18,7,228
2656,17,6,230
2664,15,3,238
2664,14,0,237
2672,20,16,219
2680,13,12,232
2656,19,15,223
2660,19,14,225
2720,18,21,224
2716,21,17,229
2712,29,20,230
2716,16,19,227
2716,22,23,214
2720,23,28,218
2716,20,35,218
2720,21,38,210
2720,15,39,208
2712,21,26,226
2724,21,19,222
2736,23,19,222
2712,23,21,222
2716,26,22,224
2724,38,9,236
2676,28,1,237
2672,27,-3,242
2680,28,-4,239
2728,28,-6,238
2716,27,0,234
2668,22,-4,242
2688,24,-6,240
2680,21,1,233
2676,20,1,231
2668,21,6,233
2672,20,10,231
2680,26,3,232
2676,25,15,227
2712,28,21,227
2720,28,23,224
2728,23,23,221
2708,26,24,216
2716,29,21,218
2720,22,29,222
2716,21,29,223
2708,20,27,227
2716,19,30,223
2720,26,32,216
2716,23,37,216
2728,19,27,218
2724,20,22,221
2716,19,20,223
2720,20,17,230
2728,21,10,226
2656,19,7,242
2668,26,5,239
2664,24,4,239
2676,25,2,239
2676,26,2,238
2672,16,0,236
2620,19,13,235
2676,18,8,243
2672,22,5,233
2676,19,5,234
2664,20,6,223
2668,28,10,234
2668,17,11,234
2676,15,11,220
2664,20,8,223
2660,28,12,214
2660,29,14,220
2720,35,16,228
2668,30,14,229
2712,31,21,228
2660,30,24,238
2720,37,11,233
2664,35,11,234
2660,35,14,225
2712,33,14,222
2672,38,11,223
2724,34,21,223
2712,28,15,223
2656,29,9,226
2676,22,7,225
2672,22,10,225
2672,24,10,223
2660,24,4,234
2724,16,5,225
2676,25,12,228
2668,25,9,226
2656,25,13,230
2656,24,13,227
2664,25,14,226
2668,16,12,233
2668,21,12,224
2656,20,11,233
2660,26,16,225
2724,28,18,228
2728,32,11,237
2664,29,19,222
2720,37,19,220
2716,24,20,222
2720,32,21,218
2712,33,18,226
2716,29,20,225
2720,32,14,225
2660,32,9,233
2724,34,7,233
2672,32,10,230
2668,28,6,230
2660,24,8,224
2668,21,4,235
2672,27,3,228
2672,23,-4,240
2680,24,5,228
2672,26,4,232
2680,23,5,228
2660,26,11,227
2672,22,6,233
2668,30,2,238
2720,26,8,227
2728,31,15,222
2680,34,15,220
2656,35,14,224
2660,37,15,228
2664,30,17,228
2676,40,21,220
2712,35,22,223
2712,32,23,222
2732,28,21,219
2724,32,18,223
2656,34,12,225
2660,24,9,234
2680,26,4,235
2692,26,4,233
2676,24,5,240
2676,21,5,238
2668,20,5,239
2668,16,7,231
2672,19,7,221
2656,26,5,229
2664,20,7,229
2676,24,8,224
2676,31,9,229
2660,27,15,223
2668,27,24,225
2668,27,22,226
2716,28,19,223
2712,28,24,217
2716,28,22,216
2720,38,28,217
2720,36,22,228
2720,30,34,216
2672,32,15,229
2668,30,12,231
2668,32,9,230
2660,33,9,235
2664,19,7,231
2676,24,7,233
2676,24,6,234
2664,17,6,230
2660,26,5,229
2668,25,6,228
2684,22,10,237
2724,27,16,226
2656,21,16,222
2720,19,15,229
2668,21,18,228
2720,25,22,222
2660,26,12,221
2720,27,26,224
2724,27,25,228
2712,32,13,235
2660,30,13,229
2664,29,12,229
2668,28,12,225
2720,27,13,219
2660,24,12,228
2660,28,20,218
2664,26,16,226
2668,25,17,223
2668,26,16,230
2716,28,18,225
2720,27,12,231
2720,33,15,232
2656,27,12,231
2672,24,11,231
2672,28,14,227
2672,26,13,235
2660,23,13,237
2664,24,16,221
2668,20,19,226
2676,24,17,224
2712,24,14,227
2656,27,18,221
2680,31,13,226
2728,23,12,235
2660,26,12,230
2664,25,15,227
2720,26,14,226
2720,29,18,228
2720,28,20,220
2716,28,15,223
2720,24,11,232
2724,30,10,232
2660,29,10,227
2660,31,13,235
2664,30,16,235
2672,27,12,228
2672,18,12,226
2664,26,9,232
2664,24,9,223
2672,23,11,229
2676,22,7,229
2656,22,10,224
2660,23,16,223
2668,24,15,228
2712,26,9,234
2668,25,16,220
2668,27,15,224
2672,29,14,228
2668,31,14,227
2728,23,16,235
2660,26,13,231
2660,32,21,223
2668,29,17,226
2724,30,15,227
2660,30,14,220
2660,30,13,222
2664,33,16,221
2676,25,9,232
2664,29,8,229
2660,27,10,225
2656,31,9,230
2668,30,11,230
2676,29,17,223
2660,29,19,225
2712,29,13,229
2676,28,13,229
2676,28,15,225
2716,30,18,232
2708,24,15,217
2676,26,12,230
2676,38,14,225
2720,30,14,224
2660,26,15,227
2720,24,19,226
2724,23,24,226
2712,26,24,222
2708,23,20,233
2724,23,15,223
2720,26,16,224
2668,24,19,228
2720,27,13,227
2668,25,16,226
2720,28,5,235
2716,29,14,227
2668,28,14,228
2672,32,14,226
2724,33,12,233
2712,31,23,220
2720,31,26,227
2672,27,10,228
2660,30,18,223
2712,34,12,238
2668,29,14,225
2672,30,6,231
2664,36,4,231
2664,29,13,232
2660,27,7,226
2672,29,10,227
2676,30,10,228
2668,29,13,226
2660,32,11,225
2680,33,10,228
2668,29,11,227
2676,29,8,231
2660,32,8,229
2656,32,13,227
2668,32,11,229
2668,27,13,233
2672,26,10,232
2660,28,11,231
2712,32,17,232
2716,30,18,229
2720,32,19,232
2660,32,11,231
2668,30,9,233
2668,27,10,225
2684,26,10,231
2716,26,15,225
2708,28,16,226
2664,24,12,229
2724,29,14,226
2712,28,12,226
2668,22,11,225
2668,28,19,223
2720,30,16,226
2712,26,17,232
2724,29,21,224
2716,24,14,239
2720,26,13,231
2656,26,18,224
2720,29,12,226
2672,29,12,230
2660,27,8,229
2664,31,9,221
2660,30,12,238
2668,34,13,222
2668,30,12,223
2664,29,9,227
2656,32,11,223
2660,33,11,223
2676,28,13,227
2672,34,15,224
2668,26,9,228
2660,32,9,231
2664,28,12,225
2672,30,13,227
2680,27,16,228
2668,31,15,229
2656,22,11,230
2668,28,13,226
2672,31,12,228
2664,23,9,230
2660,31,12,226
2660,26,16,229
2676,24,15,226
2716,28,10,233
2664,25,15,230
2708,23,18,230
2716,24,12,229
2684,21,15,228
2664,24,12,228
2708,22,17,228
2720,26,20,230
2724,25,22,222
2716,23,19,228
2668,25,10,231
2676,25,13,230
2668,32,12,227
2656,24,12,229
2708,21,15,223
2668,23,12,228
2720,25,16,231
2712,24,16,225
2660,27,14,223
2676,27,7,224
2684,25,7,228
2680,30,6,230
2660,28,8,226
2656,29,6,228
2672,31,8,229
2676,27,12,225
2668,34,13,225
2664,25,13,234
2664,29,11,234
2668,32,13,227
2668,31,14,230
2668,32,9,230
2668,26,12,225
2668,24,11,221
2668,29,19,220
2720,27,17,227
2712,29,17,224
2664,25,17,219
2736,20,23,227
2656,24,10,235
2660,26,17,232
2680,27,13,226
2676,28,9,228
2668,28,9,228
2656,24,12,235
2664,27,9,238
2668,23,15,238
2676,30,15,228
2660,24,10,229
2660,23,15,224
2664,26,14,227
2724,28,15,224
2668,31,13,231
2660,29,18,234
2720,29,20,222
2668,32,15,224
2720,34,17,225
2712,27,21,225
2716,33,18,223
2732,24,18,221
2668,28,13,228
2656,28,11,228
2664,30,9,226
2668,31,10,225
2668,30,6,232
2664,32,5,233
2720,18,9,227
2668,33,7,230
2676,27,7,228
2656,25,7,231
2656,25,10,226
2672,26,17,225
2672,30,12,221
2672,19,11,223
2656,23,19,222
2720,28,16,225
2716,27,19,224
2720,28,18,217
2716,32,17,224
2664,27,20,228
2680,27,10,228
2660,29,12,227
2656,28,11,227
2668,28,8,234
2672,27,12,232
2672,23,15,225
2660,25,7,228
2660,27,12,229
2664,24,16,229
2672,26,8,229
2664,27,13,222
2708,26,20,221
2716,25,17,228
2732,27,20,222
2664,26,13,225
2712,26,17,226
2716,25,16,230
2668,22,13,221
2660,27,13,231
2716,13,16,230
2676,21,10,230
2680,24,10,228
2660,26,10,230
2660,27,9,232
2664,28,7,234
2672,26,14,222
2728,28,13,230
2656,29,14,226
2660,28,14,227
2668,28,14,229
2672,26,15,230
2720,29,15,229
2660,26,15,230
2664,27,11,224
2668,25,13,230
2676,28,12,228
2716,24,15,225
2664,28,13,221
2668,24,9,225
2672,31,12,225
2668,28,12,231
2656,27,11,233
2660,28,9,229
2664,26,12,225
2668,32,9,226
2664,28,12,232
2716,25,17,221
2668,24,17,223
2716,27,16,226
2660,30,18,225
2712,27,19,225
2720,18,15,230
2728,24,11,237
2660,24,12,234
2660,24,9,226
2660,24,10,227
2668,24,11,226
2728,27,13,229
2660,24,22,223
2724,27,15,224
2720,25,19,227
2716,27,17,225
2712,25,13,230
2668,30,15,228
2660,20,16,226
2676,29,14,230
2716,25,13,223
2672,24,15,222
2668,28,15,226
2672,33,10,229
2660,23,11,238
2660,22,12,232
2668,28,9,225
2672,32,3,229
2672,29,9,229
2660,27,10,233
2660,28,12,230
2664,32,10,230
2668,33,9,231
2664,32,9,229
2668,29,17,223
2660,29,12,224
2672,29,14,225
2676,32,10,230
2668,39,13,226
2712,42,14,230
2716,31,14,217
2672,29,10,228
2668,28,13,225
2664,27,10,227
2668,29,14,229
2668,24,9,240
2664,28,12,229
2668,24,9,239
2664,26,6,230
2656,25,15,226
2668,23,14,229
2716,26,20,228
2712,24,17,223
